<reference>NREL S818</reference>
<coords>  
1 0
   9.9606000e-01   1.1070854e-03
   9.8351000e-01   3.9934457e-03
   9.6144000e-01   6.8932209e-03
   9.3046000e-01   7.8277826e-03
   8.9200000e-01   6.1904024e-03
   8.4726000e-01   1.6072426e-03
   7.9758000e-01  -6.2594896e-03
   7.4437000e-01  -1.7375035e-02
   6.8903000e-01  -3.1400958e-02
   6.3288000e-01  -4.7734576e-02
   5.7709000e-01  -6.5568979e-02
   5.2267000e-01  -8.3965570e-02
   4.7043000e-01  -1.0192008e-01
   4.2102000e-01  -1.1839783e-01
   3.7488000e-01  -1.3239403e-01
   3.3232000e-01  -1.4283660e-01
   2.9323000e-01  -1.4854266e-01
   2.5700000e-01  -1.4864650e-01
   2.2238000e-01  -1.4292863e-01
   1.8823000e-01  -1.3278476e-01
   1.5489000e-01  -1.2016058e-01
   1.2331000e-01  -1.0589888e-01
   9.4040000e-02  -9.0476297e-02
   6.7640000e-02  -7.4564090e-02
   4.4860000e-02  -5.8622807e-02
   2.6310000e-02  -4.2807218e-02
   1.2320000e-02  -2.7273875e-02
   3.2800000e-03  -1.2478618e-02
   1.4100000e-03  -7.6959554e-03
   4.8000000e-04  -4.2913251e-03
   3.0000000e-05  -1.1318601e-03
   1.2000000e-04   2.0943269e-03
   6.6000000e-04   5.4806324e-03
   3.7400000e-03   1.4881291e-02
   1.2590000e-02   3.0148228e-02
   2.6190000e-02   4.6043206e-02
   4.4240000e-02   6.2115641e-02
   6.6470000e-02   7.8022146e-02
   9.2560000e-02   9.3492797e-02
   1.2213000e-01   1.0815704e-01
   1.5482000e-01   1.2162498e-01
   1.9023000e-01   1.3347294e-01
   2.2797000e-01   1.4323382e-01
   2.6760000e-01   1.4998117e-01
   3.0915000e-01   1.5281018e-01
   3.5312000e-01   1.5187048e-01
   3.9944000e-01   1.4805264e-01
   4.4760000e-01   1.4207183e-01
   4.9702000e-01   1.3436527e-01
   5.4711000e-01   1.2536856e-01
   5.9727000e-01   1.1541803e-01
   6.4685000e-01   1.0486625e-01
   6.9521000e-01   9.3980100e-02
   7.4169000e-01   8.3022180e-02
   7.8569000e-01   7.2157394e-02
   8.2657000e-01   6.1549091e-02
   8.6377000e-01   5.1277488e-02
   8.9672000e-01   4.1264371e-02
   9.2522000e-01   3.1193953e-02
   9.4958000e-01   2.1190338e-02
   9.6996000e-01   1.2160104e-02
   9.8590000e-01   5.2645983e-03
   9.9633000e-01   1.2406371e-03
</coords>










 1.0000000e+00   0.0000000e+00
   9.9633000e-01   1.2406371e-03
   9.8590000e-01   5.2645983e-03
   9.6996000e-01   1.2160104e-02
   9.4958000e-01   2.1190338e-02
   9.2522000e-01   3.1193953e-02
   8.9672000e-01   4.1264371e-02
   8.6377000e-01   5.1277488e-02
   8.2657000e-01   6.1549091e-02
   7.8569000e-01   7.2157394e-02
   7.4169000e-01   8.3022180e-02
   6.9521000e-01   9.3980100e-02
   6.4685000e-01   1.0486625e-01
   5.9727000e-01   1.1541803e-01
   5.4711000e-01   1.2536856e-01
   4.9702000e-01   1.3436527e-01
   4.4760000e-01   1.4207183e-01
   3.9944000e-01   1.4805264e-01
   3.5312000e-01   1.5187048e-01
   3.0915000e-01   1.5281018e-01
   2.6760000e-01   1.4998117e-01
   2.2797000e-01   1.4323382e-01
   1.9023000e-01   1.3347294e-01
   1.5482000e-01   1.2162498e-01
   1.2213000e-01   1.0815704e-01
   9.2560000e-02   9.3492797e-02
   6.6470000e-02   7.8022146e-02
   4.4240000e-02   6.2115641e-02
   2.6190000e-02   4.6043206e-02
   1.2590000e-02   3.0148228e-02
   3.7400000e-03   1.4881291e-02
   6.6000000e-04   5.4806324e-03
   1.2000000e-04   2.0943269e-03
   3.0000000e-05  -1.1318601e-03
   4.8000000e-04  -4.2913251e-03
   1.4100000e-03  -7.6959554e-03
   3.2800000e-03  -1.2478618e-02
   1.2320000e-02  -2.7273875e-02
   2.6310000e-02  -4.2807218e-02
   4.4860000e-02  -5.8622807e-02
   6.7640000e-02  -7.4564090e-02
   9.4040000e-02  -9.0476297e-02
   1.2331000e-01  -1.0589888e-01
   1.5489000e-01  -1.2016058e-01
   1.8823000e-01  -1.3278476e-01
   2.2238000e-01  -1.4292863e-01
   2.5700000e-01  -1.4864650e-01
   2.9323000e-01  -1.4854266e-01
   3.3232000e-01  -1.4283660e-01
   3.7488000e-01  -1.3239403e-01
   4.2102000e-01  -1.1839783e-01
   4.7043000e-01  -1.0192008e-01
   5.2267000e-01  -8.3965570e-02
   5.7709000e-01  -6.5568979e-02
   6.3288000e-01  -4.7734576e-02
   6.8903000e-01  -3.1400958e-02
   7.4437000e-01  -1.7375035e-02
   7.9758000e-01  -6.2594896e-03
   8.4726000e-01   1.6072426e-03
   8.9200000e-01   6.1904024e-03
   9.3046000e-01   7.8277826e-03
   9.6144000e-01   6.8932209e-03
   9.8351000e-01   3.9934457e-03
   9.9606000e-01   1.1070854e-03
