<reference>Windpact, NREL</reference>
<coords>
   1.0000000e+00   0.0000000e+00
   9.9655000e-01   8.2343731e-04
   9.8604000e-01   3.1335990e-03
   9.6813000e-01   6.5614694e-03
   9.4257000e-01   1.0435644e-02
   9.0945000e-01   1.3827517e-02
   8.6953000e-01   1.5720534e-02
   8.2409000e-01   1.5485796e-02
   7.7434000e-01   1.3055474e-02
   7.2142000e-01   8.4630117e-03
   6.6644000e-01   1.8972599e-03
   6.1055000e-01  -6.3123748e-03
   5.5484000e-01  -1.5641841e-02
   5.0032000e-01  -2.5437694e-02
   4.4785000e-01  -3.4723625e-02
   3.9779000e-01  -4.2501488e-02
   3.5027000e-01  -4.7932902e-02
   3.0497000e-01  -5.0478233e-02
   2.6153000e-01  -5.0304718e-02
   2.1987000e-01  -4.7655007e-02
   1.7965000e-01  -4.3194570e-02
   1.4133000e-01  -3.8358643e-02
   1.0637000e-01  -3.3799536e-02
   7.5800000e-02  -2.9131698e-02
   4.9980000e-02  -2.4049830e-02
   2.9200000e-02  -1.8516166e-02
   1.3670000e-02  -1.2538811e-02
   3.6700000e-03  -6.2921843e-03
   2.1600000e-03  -4.7978287e-03
   9.3000000e-04  -3.1983131e-03
   2.1000000e-04  -1.6837034e-03
   0.0000000e+00             0
   1.8000000e-04   1.7993282e-03
   2.5500000e-03   8.3269178e-03
   9.5400000e-03   1.8161579e-02
   2.0880000e-02   2.8732920e-02
   3.6510000e-02   3.9565322e-02
   5.6360000e-02   5.0357334e-02
   8.0260000e-02   6.0861541e-02
   1.0801000e-01   7.0897550e-02
   1.3934000e-01   8.0278474e-02
   1.7395000e-01   8.8890949e-02
   2.1146000e-01   9.6540635e-02
   2.5149000e-01   1.0298342e-01
   2.9361000e-01   1.0798655e-01
   3.3736000e-01   1.1134665e-01
   3.8228000e-01   1.1277019e-01
   4.2820000e-01   1.1185158e-01
   4.7526000e-01   1.0871563e-01
   5.2324000e-01   1.0389291e-01
   5.7161000e-01   9.7851034e-02
   6.1980000e-01   9.0873368e-02
   6.6724000e-01   8.3236813e-02
   7.1333000e-01   7.5172754e-02
   7.5749000e-01   6.6850485e-02
   7.9915000e-01   5.8466759e-02
   8.3778000e-01   5.0126187e-02
   8.7287000e-01   4.1932748e-02
   9.0391000e-01   3.3846001e-02
   9.3072000e-01   2.5652324e-02
   9.5355000e-01   1.7485829e-02
   9.7251000e-01   1.0089433e-02
   9.8719000e-01   4.4044689e-03
   9.9668000e-01   1.0457980e-03
</coords>