DU08-W-210 airfoil from 3.35 MW TUM Reference Onshore Turbine datasheet, version 4.0
File prepared by Evan Gaertner
line
  1        Number of airfoil tables in this file
  6.00     Reynolds numbers in millions
  0.0      Control setting
 12.5000   Stall angle (deg)
 -4.0210   Zero Cn angle of attack
  6.8795   Cn slope for zero lift (dimensionless)
  1.5223   Cn extrapolated to value at positive stall angle of attack
 -0.8188   Cn at stall value for negative angle of attack
  0.5000   Angle of attack for minimum CD (deg)
  0.0063   Minimum CD value
-1.8000e+02   0.0000e+00   0.0000e+00   0.0000e+00
-1.7500e+02   2.5026e-01   3.7696e-02   2.0000e-01
-1.7000e+02   5.0052e-01   7.5392e-02   4.0000e-01
-1.6500e+02   6.5457e-01   1.2387e-01   1.5025e-01
-1.6000e+02   8.0862e-01   1.7235e-01  -9.9498e-02
-1.5500e+02   7.6446e-01   2.6890e-01  -6.6070e-02
-1.5000e+02   7.2031e-01   3.6545e-01  -3.2643e-02
-1.4500e+02   6.9574e-01   4.8387e-01  -7.5598e-03
-1.4000e+02   6.7118e-01   6.0230e-01   1.7523e-02
-1.3500e+02   6.3633e-01   7.2831e-01   4.3217e-02
-1.3000e+02   6.0148e-01   8.5431e-01   6.8911e-02
-1.2500e+02   5.4789e-01   9.7269e-01   9.5380e-02
-1.2000e+02   4.9430e-01   1.0911e+00   1.2185e-01
-1.1500e+02   4.2221e-01   1.1875e+00   1.4706e-01
-1.1000e+02   3.5013e-01   1.2839e+00   1.7226e-01
-1.0500e+02   2.6489e-01   1.3468e+00   1.9344e-01
-1.0000e+02   1.7965e-01   1.4097e+00   2.1462e-01
-9.5000e+01   8.9827e-02   1.4314e+00   2.2908e-01
-9.0000e+01   0.0000e+00   1.4531e+00   2.4354e-01
-8.5000e+01  -8.9827e-02   1.4314e+00   2.4961e-01
-8.0000e+01  -1.7965e-01   1.4097e+00   2.5567e-01
-7.5000e+01  -2.6489e-01   1.3468e+00   2.5355e-01
-7.0000e+01  -3.5013e-01   1.2839e+00   2.5143e-01
-6.5000e+01  -4.2221e-01   1.1875e+00   2.4308e-01
-6.0000e+01  -4.9430e-01   1.0911e+00   2.3472e-01
-5.5000e+01  -5.4789e-01   9.7269e-01   2.2345e-01
-5.0000e+01  -6.0148e-01   8.5431e-01   2.1218e-01
-4.5000e+01  -6.4050e-01   7.2831e-01   2.0162e-01
-4.0000e+01  -6.7118e-01   6.0230e-01   1.9369e-01
-3.8000e+01  -6.8165e-01   5.5275e-01   1.9174e-01
-3.6000e+01  -6.9144e-01   5.0406e-01   1.9077e-01
-3.4000e+01  -7.0087e-01   4.5646e-01   1.9102e-01
-3.2000e+01  -7.1032e-01   4.1018e-01   1.9279e-01
-3.0000e+01  -7.2031e-01   3.6545e-01   1.9647e-01
-2.8000e+01  -7.3146e-01   3.2249e-01   2.0254e-01
-2.6000e+01  -7.4459e-01   2.8150e-01   2.1171e-01
-2.4000e+01  -7.6078e-01   2.4269e-01   2.2490e-01
-2.2000e+01  -7.8146e-01   2.0625e-01   2.4347e-01
-2.0000e+01  -8.0862e-01   1.7235e-01   2.6946e-01
-1.9000e+01  -8.2546e-01   1.5640e-01   2.8613e-01
-1.8000e+01  -8.2000e-01   1.4115e-01   2.8000e-01
-1.7000e+01  -8.1374e-01   1.2796e-01   2.6627e-01
-1.6000e+01  -7.8241e-01   1.1477e-01   2.2658e-01
-1.5000e+01  -7.5109e-01   1.0158e-01   1.8689e-01
-1.4000e+01  -7.1976e-01   8.8387e-02   1.4720e-01
-1.3500e+01  -7.0409e-01   8.1791e-02   1.2736e-01
-1.3000e+01  -6.8843e-01   7.5195e-02   1.0751e-01
-1.2500e+01  -6.7277e-01   6.8599e-02   8.7670e-02
-1.2000e+01  -6.5710e-01   6.2003e-02   6.7826e-02
-1.1500e+01  -6.4144e-01   5.5407e-02   4.7982e-02
-1.1000e+01  -6.2578e-01   4.8811e-02   2.8137e-02
-1.0500e+01  -6.1011e-01   4.2215e-02   8.2930e-03
-1.0000e+01  -5.9445e-01   3.5619e-02  -1.1551e-02
-9.5000e+00  -5.7879e-01   2.9024e-02  -3.1396e-02
-9.0000e+00  -5.6312e-01   2.2428e-02  -5.1240e-02
-8.5000e+00  -5.3550e-01   1.7031e-02  -6.8842e-02
-8.0000e+00  -5.0788e-01   1.1634e-02  -8.6445e-02
-7.5000e+00  -4.3732e-01   1.0187e-02  -9.5137e-02
-7.0000e+00  -3.6610e-01   9.0000e-03  -1.0250e-01
-6.5000e+00  -3.0350e-01   7.6000e-03  -1.0480e-01
-6.0000e+00  -2.4150e-01   7.2000e-03  -1.0680e-01
-5.5000e+00  -1.8000e-01   6.9000e-03  -1.0850e-01
-5.0000e+00  -1.1870e-01   6.7000e-03  -1.1010e-01
-4.5000e+00  -5.7700e-02   6.5000e-03  -1.1160e-01
-4.0000e+00   3.0000e-03   6.4000e-03  -1.1300e-01
-3.5000e+00   6.3500e-02   6.4000e-03  -1.1430e-01
-3.0000e+00   1.2420e-01   6.3000e-03  -1.1550e-01
-2.5000e+00   1.8460e-01   6.3000e-03  -1.1680e-01
-2.0000e+00   2.4470e-01   6.3000e-03  -1.1790e-01
-1.5000e+00   3.0510e-01   6.3000e-03  -1.1900e-01
-1.0000e+00   3.6510e-01   6.3000e-03  -1.2020e-01
-5.0000e-01   4.2510e-01   6.3000e-03  -1.2130e-01
 0.0000e+00   4.8480e-01   6.4000e-03  -1.2240e-01
 5.0000e-01   5.4480e-01   6.4000e-03  -1.2350e-01
 1.0000e+00   6.0430e-01   6.4000e-03  -1.2450e-01
 1.5000e+00   6.6370e-01   6.5000e-03  -1.2540e-01
 2.0000e+00   7.2310e-01   6.5000e-03  -1.2640e-01
 2.5000e+00   7.8230e-01   6.6000e-03  -1.2740e-01
 3.0000e+00   8.4100e-01   6.7000e-03  -1.2830e-01
 3.5000e+00   9.0010e-01   6.8000e-03  -1.2910e-01
 4.0000e+00   9.5850e-01   6.9000e-03  -1.3000e-01
 4.5000e+00   1.0166e+00   7.0000e-03  -1.3070e-01
 5.0000e+00   1.0745e+00   7.1000e-03  -1.3140e-01
 5.5000e+00   1.1319e+00   7.3000e-03  -1.3210e-01
 6.0000e+00   1.1880e+00   7.6000e-03  -1.3250e-01
 6.5000e+00   1.2419e+00   8.1000e-03  -1.3260e-01
 7.0000e+00   1.2910e+00   9.0000e-03  -1.3210e-01
 7.5000e+00   1.3334e+00   1.0500e-02  -1.3040e-01
 8.0000e+00   1.3725e+00   1.2000e-02  -1.2830e-01
 8.5000e+00   1.4118e+00   1.3400e-02  -1.2630e-01
 9.0000e+00   1.4511e+00   1.4500e-02  -1.2420e-01
 9.5000e+00   1.4887e+00   1.5600e-02  -1.2170e-01
 1.0000e+01   1.5162e+00   1.6500e-02  -1.2170e-01
 1.0500e+01   1.5422e+00   1.7800e-02  -1.2170e-01
 1.1000e+01   1.5626e+00   1.9500e-02  -1.2170e-01
 1.1500e+01   1.5804e+00   2.1500e-02  -1.2220e-01
 1.2000e+01   1.5871e+00   3.5000e-02  -1.2380e-01
 1.2500e+01   1.5486e+00   4.8500e-02  -1.2540e-01
 1.3000e+01   1.5100e+00   6.2000e-02  -1.2700e-01
 1.3500e+01   1.4600e+00   7.5500e-02  -1.2860e-01
 1.4000e+01   1.4100e+00   8.9000e-02  -1.3020e-01
 1.5000e+01   1.3400e+00   1.0250e-01  -1.3180e-01
 1.6000e+01   1.3000e+00   1.1600e-01  -1.3340e-01
 1.7000e+01   1.2600e+00   1.2950e-01  -1.3500e-01
 1.8000e+01   1.2000e+00   1.4300e-01  -1.3660e-01
 1.9000e+01   1.1792e+00   1.5640e-01  -1.3820e-01
 2.0000e+01   1.1552e+00   1.7235e-01  -1.4799e-01
 2.2000e+01   1.1164e+00   2.0625e-01  -1.7204e-01
 2.4000e+01   1.0868e+00   2.4269e-01  -1.9157e-01
 2.6000e+01   1.0637e+00   2.8150e-01  -2.0810e-01
 2.8000e+01   1.0449e+00   3.2249e-01  -2.2259e-01
 3.0000e+01   1.0290e+00   3.6545e-01  -2.3566e-01
 3.2000e+01   1.0148e+00   4.1018e-01  -2.4774e-01
 3.4000e+01   1.0012e+00   4.5646e-01  -2.5910e-01
 3.6000e+01   9.8777e-01   5.0406e-01  -2.6994e-01
 3.8000e+01   9.7379e-01   5.5275e-01  -2.8038e-01
 4.0000e+01   9.5883e-01   6.0230e-01  -2.9052e-01
 4.5000e+01   9.1501e-01   7.2831e-01  -3.1493e-01
 5.0000e+01   8.5926e-01   8.5431e-01  -3.3838e-01
 5.5000e+01   7.8270e-01   9.7269e-01  -3.6057e-01
 6.0000e+01   7.0614e-01   1.0911e+00  -3.8276e-01
 6.5000e+01   6.0316e-01   1.1875e+00  -4.0288e-01
 7.0000e+01   5.0018e-01   1.2839e+00  -4.2300e-01
 7.5000e+01   3.7842e-01   1.3468e+00  -4.4011e-01
 8.0000e+01   2.5665e-01   1.4097e+00  -4.5721e-01
 8.5000e+01   1.2832e-01   1.4314e+00  -4.7010e-01
 9.0000e+01   0.0000e+00   1.4531e+00  -4.8299e-01
 9.5000e+01  -8.9827e-02   1.4314e+00  -4.8905e-01
 1.0000e+02  -1.7965e-01   1.4097e+00  -4.9511e-01
 1.0500e+02  -2.6489e-01   1.3468e+00  -4.9299e-01
 1.1000e+02  -3.5013e-01   1.2839e+00  -4.9087e-01
 1.1500e+02  -4.2221e-01   1.1875e+00  -4.8252e-01
 1.2000e+02  -4.9430e-01   1.0911e+00  -4.7417e-01
 1.2500e+02  -5.4789e-01   9.7269e-01  -4.6289e-01
 1.3000e+02  -6.0148e-01   8.5431e-01  -4.5162e-01
 1.3500e+02  -6.3633e-01   7.2831e-01  -4.4238e-01
 1.4000e+02  -6.7118e-01   6.0230e-01  -4.3313e-01
 1.4500e+02  -6.9574e-01   4.8387e-01  -4.3452e-01
 1.5000e+02  -7.2031e-01   3.6545e-01  -4.3591e-01
 1.5500e+02  -7.6446e-01   2.6890e-01  -4.7240e-01
 1.6000e+02  -8.0862e-01   1.7235e-01  -5.0890e-01
 1.6500e+02  -6.3905e-01   1.2538e-01  -5.0445e-01
 1.7000e+02  -4.6948e-01   7.8419e-02  -5.0000e-01
 1.7500e+02  -2.3474e-01   3.9210e-02  -2.5000e-01
 1.8000e+02   0.0000e+00   0.0000e+00   0.0000e+00
EOT
