------- AERODYN v15.00.* BLADE DEFINITION INPUT FILE -------------------------------------
AeroElasticSE FAST driver
======  Blade Properties =================================================================
50          NumBlNds    - Number of blade nodes used in the analysis (-)
    BlSpn        BlCrvAC        BlSwpAC        BlCrvAng       BlTwist        BlChord          BlAFID
     (m)           (m)            (m)            (deg)         (deg)           (m)              (-)
 0.000000000000000e+00 -0.000000000000000e+00  0.000000000000000e+00 -1.478396839518095e-01  2.000195662801704e+01  4.500000000000000e+00        1
 1.669599574181540e+00 -4.308045052756294e-03  0.000000000000000e+00 -1.947456769489366e-01  1.958064733211515e+01  4.502410016525412e+00        2
 3.339199148363079e+00 -1.134976000000000e-02  0.000000000000000e+00 -3.020494659714580e-01  1.907359941510231e+01  4.508389670000000e+00        3
 5.008798722544620e+00 -2.191141228780733e-02  0.000000000000000e+00 -4.360740361401319e-01  1.845413084012760e+01  4.538108766915814e+00        4
 6.678398296726160e+00 -3.676391797851139e-02  0.000000000000000e+00 -5.563457197344148e-01  1.773301105180205e+01  4.599912086210486e+00        5
 8.347997870907697e+00 -5.433474217995975e-02  0.000000000000000e+00 -6.226515807722459e-01  1.696360412382757e+01  4.674186492399913e+00        6
 1.001759744508924e+01 -7.305135000000000e-02  0.000000000000000e+00 -7.373542639159951e-01  1.619927412990604e+01  4.741318850000000e+00        7
 1.227963557785132e+01 -1.049306120920804e-01  0.000000000000000e+00 -9.338096263925534e-01  1.512375888812125e+01  4.826320324982073e+00        8
 1.454167371061341e+01 -1.467817185696325e-01  0.000000000000000e+00 -1.130594633044330e+00  1.394828598337745e+01  4.922213193208773e+00        9
 1.680371184337550e+01 -1.941966009548146e-01  0.000000000000000e+00 -1.215712293811353e+00  1.272545041132282e+01  5.022103548831474e+00       10
 1.906574997613759e+01 -2.427671907697853e-01  0.000000000000000e+00 -1.189153089994670e+00  1.150784716760556e+01  5.119097486001548e+00       11
 2.132778810889967e+01 -2.880854195367031e-01  0.000000000000000e+00 -1.050920124080727e+00  1.034807124787385e+01  5.206301098870370e+00       12
 2.358982624166176e+01 -3.257432187777263e-01  0.000000000000000e+00 -8.010276049034631e-01  9.298717647775888e+00  5.276820481589312e+00       13
 2.585186437442384e+01 -3.513325200150134e-01  0.000000000000000e+00 -4.395441042903329e-01  8.412381362959863e+00  5.323761728309750e+00       14
 2.811390250718593e+01 -3.604492924547019e-01  0.000000000000000e+00 -4.526760263496519e-02  7.741582910161568e+00  5.340224842426096e+00       15
 3.037594063994801e+01 -3.549068507443049e-01  0.000000000000000e+00  2.621859694137587e-01  7.230686804319951e+00  5.314241613369789e+00       16
 3.263797877271010e+01 -3.397471536264893e-01  0.000000000000000e+00  4.897435349225634e-01  6.789176717874877e+00  5.245264308752173e+00       17
 3.490001690547219e+01 -3.162371591611866e-01  0.000000000000000e+00  6.852152963293329e-01  6.401993352231461e+00  5.142284573337863e+00       18
 3.716205503823427e+01 -2.856438254083280e-01  0.000000000000000e+00  8.486002533797958e-01  6.054077408794827e+00  5.014294051891476e+00       19
 3.942409317099636e+01 -2.492341104278450e-01  0.000000000000000e+00  9.798961370308843e-01  5.730369588970089e+00  4.870284389177625e+00       20
 4.168613130375844e+01 -2.082749722796687e-01  0.000000000000000e+00  1.079100178038553e+00  5.415810594162366e+00  4.719247229960926e+00       21
 4.394816943652053e+01 -1.640333690237308e-01  0.000000000000000e+00  1.146661120364904e+00  5.095341125776780e+00  4.570174219005996e+00       22
 4.621020756928262e+01 -1.177406236542471e-01  0.000000000000000e+00  1.331536641413223e+00  4.753982545211191e+00  4.432005890783699e+00       23
 4.847224570204470e+01 -5.890466424990626e-02  0.000000000000000e+00  1.737092222870425e+00  4.406168110791390e+00  4.295113759590159e+00       24
 5.073428383480679e+01  1.939921258536731e-02  0.000000000000000e+00  2.191973772649521e+00  4.068533418844797e+00  4.148716320684667e+00       25
 5.299632196756887e+01  1.141314260301898e-01  0.000000000000000e+00  2.569923365843303e+00  3.737447665817114e+00  3.994927877442474e+00       26
 5.525836010033096e+01  2.222523952631774e-01  0.000000000000000e+00  2.870895151469198e+00  3.409280048154049e+00  3.835862733238832e+00       27
 5.752039823309305e+01  3.407225394629462e-01  0.000000000000000e+00  3.094840593202602e+00  3.080399762301307e+00  3.673635191448987e+00       28
 5.978243636585513e+01  4.665022778081124e-01  0.000000000000000e+00  3.241716645586313e+00  2.747176004704595e+00  3.510359555448191e+00       29
 6.204447449861722e+01  5.965520294772920e-01  0.000000000000000e+00  3.312261185037808e+00  2.405977971809619e+00  3.348150128611692e+00       30
 6.430651263137931e+01  7.278928580887967e-01  0.000000000000000e+00  3.431332037579117e+00  2.053292866263022e+00  3.189107223910761e+00       31
 6.656855076414139e+01  8.673281702139891e-01  0.000000000000000e+00  3.702134245755243e+00  1.703058037456847e+00  3.032586302306594e+00       32
 6.883058889690348e+01  1.020010110853964e+00  0.000000000000000e+00  4.018893162240173e+00  1.360638915759879e+00  2.876673523210972e+00       33
 7.109262702966556e+01  1.184399930891301e+00  0.000000000000000e+00  4.296688913700635e+00  1.017257316497290e+00  2.720652467642344e+00       34
 7.335466516242765e+01  1.358958881208582e+00  0.000000000000000e+00  4.535487007645859e+00  6.641350549942526e-01  2.563806716619167e+00       35
 7.561670329518974e+01  1.542148212688388e+00  0.000000000000000e+00  4.735254086594026e+00  2.924939465759404e-01  2.405419851159889e+00       36
 7.787874142795182e+01  1.732429176213302e+00  0.000000000000000e+00  4.895959605447612e+00 -1.064441934324729e-01  2.244775452282963e+00       37
 8.014077956071391e+01  1.928263022665902e+00  0.000000000000000e+00  5.009838445204795e+00 -5.414575497058143e-01  2.081157101006843e+00       38
 8.201907908166815e+01  2.093991619827551e+00  0.000000000000000e+00  5.127905195404818e+00 -9.363820051559656e-01  1.942521814538151e+00       39
 8.389737860262237e+01  2.264025574891165e+00  0.000000000000000e+00  5.299982701000951e+00 -1.370807546004847e+00  1.801422970164556e+00       40
 8.577567812357660e+01  2.440989750769643e+00  0.000000000000000e+00  5.508451821318380e+00 -1.849480554073165e+00  1.658360799940713e+00       41
 8.765397764453084e+01  2.624631225742244e+00  0.000000000000000e+00  5.709058310806444e+00 -2.369647977238130e+00  1.513371137129003e+00       42
 8.953227716548507e+01  2.814685194642555e+00  0.000000000000000e+00  5.901614308468996e+00 -2.928532875219302e+00  1.366487638162162e+00       43
 9.141057668643930e+01  3.010886852304158e+00  0.000000000000000e+00  6.086113739519262e+00 -3.523358307736239e+00  1.217743959472926e+00       44
 9.328887620739353e+01  3.212971393560638e+00  0.000000000000000e+00  6.262550347646711e+00 -4.151347334508506e+00  1.067173757494030e+00       45
 9.516717572834776e+01  3.420674013245583e+00  0.000000000000000e+00  6.403831094981424e+00 -4.809723015255670e+00  9.148106886582077e-01       46
 9.641937540898391e+01  3.562132813067944e+00  0.000000000000000e+00  6.539429432797450e+00 -5.264150281650724e+00  8.122558927522011e-01       47
 9.767157508962008e+01  3.705892384661167e+00  0.000000000000000e+00  6.643597343600725e+00 -5.730025734789855e+00  7.089291978229193e-01       48
 9.892377477025623e+01  3.851874267235202e+00  0.000000000000000e+00  6.744172229282638e+00 -6.206526577552927e+00  6.048405761467300e-01       49
 1.001759744508924e+02  4.000000000000000e+00  0.000000000000000e+00  6.793563620496322e+00 -6.692830012819811e+00  5.000000000000000e-01       50
