<reference>
NuMad format, 170 pts.
</reference>
<coords>
 1.00000000000000  0.00000000000000
 1.00000000000000 -0.01543799225848
 0.99965035239420 -0.01535747095783
 0.99860189859059 -0.01512022191130
 0.99685610494662 -0.01473930662675
 0.99441541311256 -0.01423575881919
 0.99128323661664 -0.01363767493016
 0.98746395609091 -0.01297955605514
 0.98296291314453 -0.01230166893772
 0.97778640289307 -0.01164928909201
 0.97194166515418 -0.01107144330603
 0.96543687432210 -0.01061855954394
 0.95828112793499 -0.01033946329103
 0.95048443395121 -0.01027988939277
 0.94205769675230 -0.01048226672044
 0.93301270189222 -0.01098719760278
 0.92336209961414 -0.01183390757072
 0.91311938715800 -0.01305954872337
 0.90229888988333 -0.01469727806826
 0.89091574123401 -0.01677355989895
 0.87898586157273 -0.01930475501326
 0.86652593591491 -0.02229368311967
 0.85355339059327 -0.02572680858012
 0.84008636888546 -0.02957351424403
 0.82614370563906 -0.03378857662748
 0.81174490092937 -0.03831667161863
 0.79691009278675 -0.04309767419112
 0.78166002903181 -0.04807276555286
 0.76601603825767 -0.05318990751922
 0.75000000000000 -0.05840718651925
 0.73363431413653 -0.06369104566024
 0.71694186955878 -0.06901140006908
 0.69994601215987 -0.07433924344859
 0.68267051218320 -0.07964540965254
 0.66513953097758 -0.08489898929236
 0.64737758720545 -0.09006556818232
 0.62940952255126 -0.09510549907956
 0.61126046697816 -0.09997327983028
 0.59295580358146 -0.10461896388543
 0.57452113308809 -0.10899036255723
 0.55598223805165 -0.11303520397948
 0.53736504679321 -0.11670311500075
 0.51869559713816 -0.11995296076847
 0.50000000000000 -0.12277622089768
 0.48130440286184 -0.12519446580038
 0.46263495320679 -0.12723556969867
 0.44401776194835 -0.12892610688013
 0.42547886691191 -0.13028883200880
 0.40704419641854 -0.13134141263601
 0.38873953302184 -0.13209652598784
 0.37059047744874 -0.13256219138336
 0.35262241279455 -0.13274217752589
 0.33486046902242 -0.13263735052457
 0.31732948781680 -0.13224840143660
 0.30005398784013 -0.13157803459944
 0.28305813044122 -0.13063127733016
 0.26636568586347 -0.12941476370193
 0.25000000000000 -0.12793607790156
 0.23398396174233 -0.12620339970541
 0.21833997096819 -0.12422543250415
 0.20308990721325 -0.12201138651797
 0.18825509907063 -0.11957104429009
 0.17385629436094 -0.11691428569363
 0.15991363111454 -0.11404907757227
 0.14644660940673 -0.11097895706675
 0.13347406408509 -0.10770321666767
 0.12101413842727 -0.10421958939102
 0.10908425876599 -0.10052660780423
 0.09770111011667 -0.09662555841142
 0.08688061284200 -0.09252176148295
 0.07663790038586 -0.08822414314234
 0.06698729810778 -0.08374165877253
 0.05794230324770 -0.07908051779197
 0.04951556604879 -0.07424580317417
 0.04171887206501 -0.06924478290250
 0.03456312567790 -0.06408782272336
 0.02805833484582 -0.05878394803820
 0.02221359710693 -0.05333463081104
 0.01703708685547 -0.04772466398478
 0.01253604390909 -0.04191089475841
 0.00871676338336 -0.03581506146647
 0.00558458688744 -0.02930167360689
 0.00314389505338 -0.02211377495883
 0.00139810140941 -0.01432224455258
 0.00034964760580 -0.00684491193632
 0.00000000000000  0.00000000000000
 0.00034964760580  0.00674322107213
 0.00139810140941  0.01240381951409
 0.00314389505338  0.01761846362639
 0.00558458688744  0.02295723235488
 0.00871676338336  0.02854516326687
 0.01253604390909  0.03435397016928
 0.01703708685547  0.04027026963865
 0.02221359710693  0.04621757717447
 0.02805833484582  0.05216984853486
 0.03456312567790  0.05811378722032
 0.04171887206501  0.06402270753420
 0.04951556604879  0.06985887221400
 0.05794230324770  0.07558649278581
 0.06698729810778  0.08117808667389
 0.07663790038586  0.08661066510736
 0.08688061284200  0.09186056950885
 0.09770111011667  0.09690277139845
 0.10908425876599  0.10171379142294
 0.12101413842727  0.10627418162739
 0.13347406408509  0.11056807592328
 0.14644660940673  0.11458138991096
 0.15991363111454  0.11830096109578
 0.17385629436094  0.12171560004845
 0.18825509907063  0.12481709614106
 0.20308990721325  0.12759899431637
 0.21833997096819  0.13005273049607
 0.23398396174233  0.13216464387982
 0.25000000000000  0.13391797548500
 0.26636568586347  0.13529780482416
 0.28305813044122  0.13629498285007
 0.30005398784013  0.13690787479828
 0.31732948781680  0.13714325896708
 0.33486046902242  0.13701545830544
 0.35262241279455  0.13654315289856
 0.37059047744874  0.13574605690819
 0.38873953302184  0.13464318068348
 0.40704419641854  0.13325180655207
 0.42547886691191  0.13158731441041
 0.44401776194835  0.12966450836705
 0.46263495320679  0.12749927579048
 0.48130440286184  0.12510903764803
 0.50000000000000  0.12251202825575
 0.51869559713816  0.11972652720745
 0.53736504679321  0.11677055000781
 0.55598223805165  0.11366173383287
 0.57452113308809  0.11041731272364
 0.59295580358146  0.10705408142098
 0.61126046697816  0.10358841284498
 0.62940952255126  0.10003628242672
 0.64737758720545  0.09641331315612
 0.66513953097758  0.09273482111529
 0.68267051218320  0.08901581112191
 0.69994601215987  0.08527055118314
 0.71694186955878  0.08151183444440
 0.73363431413653  0.07775035896371
 0.75000000000000  0.07399438354837
 0.76601603825767  0.07025078505795
 0.78166002903181  0.06652778497808
 0.79691009278675  0.06283577375640
 0.81174490092937  0.05918223041996
 0.82614370563906  0.05556558107537
 0.84008636888546  0.05197797223186
 0.85355339059327  0.04841673841132
 0.86652593591491  0.04489382203083
 0.87898586157273  0.04144087226726
 0.89091574123401  0.03810466908913
 0.90229888988333  0.03491823201407
 0.91311938715800  0.03189022181564
 0.92336209961414  0.02902452521913
 0.93301270189222  0.02632446701106
 0.94205769675230  0.02379347650398
 0.95048443395121  0.02143501635838
 0.95828112793499  0.01925242233259
 0.96543687432210  0.01724881462491
 0.97194166515418  0.01542706073408
 0.97778640289307  0.01378976794412
 0.98296291314453  0.01233928783398
 0.98746395609091  0.01107772493617
 0.99128323661664  0.01000694007229
 0.99441541311256  0.00912855032607
 0.99685610494662  0.00844391393201
 0.99860189859059  0.00795410847335
 0.99965035239420  0.00765991217572
 1.00000000000000  0.00756180505770
</coords>