<reference>
NuMad format, 170 pts.
</reference>
<coords>
 1.00000000000000  0.00000000000000
 1.00000000000000 -0.03463296759581
 0.99965035239420 -0.03452862670016
 0.99860189859059 -0.03422090211818
 0.99685610494662 -0.03372583357855
 0.99441541311256 -0.03306931422638
 0.99128323661664 -0.03228582089761
 0.98746395609091 -0.03141780767129
 0.98296291314453 -0.03051474774439
 0.97778640289307 -0.02963230037439
 0.97194166515418 -0.02883077909846
 0.96543687432210 -0.02817212838037
 0.95828112793499 -0.02771647412267
 0.95048443395121 -0.02752007658179
 0.94205769675230 -0.02763513312342
 0.93301270189222 -0.02811169620928
 0.92336209961414 -0.02899807194750
 0.91311938715800 -0.03034004344542
 0.90229888988333 -0.03217856178293
 0.89091574123401 -0.03454631240871
 0.87898586157273 -0.03746361635979
 0.86652593591491 -0.04093419393944
 0.85355339059327 -0.04494171716186
 0.84008636888546 -0.04944892079107
 0.82614370563906 -0.05440061009243
 0.81174490092937 -0.05972920287805
 0.79691009278675 -0.06536125246050
 0.78166002903181 -0.07122491222121
 0.76601603825767 -0.07725666776798
 0.75000000000000 -0.08340543166014
 0.73363431413653 -0.08963038006787
 0.71694186955878 -0.09589496443347
 0.69994601215987 -0.10216395931126
 0.68267051218320 -0.10840195354587
 0.66513953097758 -0.11457140620110
 0.64737758720545 -0.12063048443695
 0.62940952255126 -0.12653093204649
 0.61126046697816 -0.13221732294597
 0.59295580358146 -0.13762877513072
 0.57452113308809 -0.14270165814218
 0.55598223805165 -0.14737223076172
 0.53736504679321 -0.15157910648243
 0.51869559713816 -0.15527219897487
 0.50000000000000 -0.15844141938667
 0.48130440286184 -0.16111364493457
 0.46263495320679 -0.16332347734781
 0.44401776194835 -0.16510393826472
 0.42547886691191 -0.16648337535319
 0.40704419641854 -0.16748387865928
 0.38873953302184 -0.16812140454715
 0.37059047744874 -0.16840621205430
 0.35262241279455 -0.16834332756862
 0.33486046902242 -0.16793421331193
 0.31732948781680 -0.16718009629991
 0.30005398784013 -0.16608469828743
 0.28305813044122 -0.16465456444873
 0.26636568586347 -0.16289819801331
 0.25000000000000 -0.16082528025225
 0.23398396174233 -0.15844621867670
 0.21833997096819 -0.15577202924195
 0.20308990721325 -0.15281436846520
 0.18825509907063 -0.14958557283813
 0.17385629436094 -0.14609810362040
 0.15991363111454 -0.14236204614325
 0.14644660940673 -0.13838206490782
 0.13347406408509 -0.13415759459271
 0.12101413842727 -0.12968612762706
 0.10908425876599 -0.12496614965651
 0.09770111011667 -0.11999948112627
 0.08688061284200 -0.11479293638218
 0.07663790038586 -0.10935766968951
 0.06698729810778 -0.10370488850794
 0.05794230324770 -0.09784248029602
 0.04951556604879 -0.09177685986810
 0.04171887206501 -0.08551712457570
 0.03456312567790 -0.07907611467338
 0.02805833484582 -0.07246515901251
 0.02221359710693 -0.06568618490401
 0.01703708685547 -0.05872080958014
 0.01253604390909 -0.05151590780963
 0.00871676338336 -0.04397599176993
 0.00558458688744 -0.03593498465362
 0.00314389505338 -0.02707697465338
 0.00139810140941 -0.01748840177474
 0.00034964760580 -0.00829478381127
 0.00000000000000  0.00000000000000
 0.00034964760580  0.00839062938182
 0.00139810140941  0.01535561237678
 0.00314389505338  0.02178210709119
 0.00558458688744  0.02837096761708
 0.00871676338336  0.03527652599997
 0.01253604390909  0.04246381804170
 0.01703708685547  0.04979364530750
 0.02221359710693  0.05717214620960
 0.02805833484582  0.06456717154496
 0.03456312567790  0.07196225621359
 0.04171887206501  0.07932450082569
 0.04951556604879  0.08660754163855
 0.05794230324770  0.09376723987564
 0.06698729810778  0.10076966527186
 0.07663790038586  0.10758642745281
 0.08688061284200  0.11418828765677
 0.09770111011667  0.12054432379969
 0.10908425876599  0.12662546526740
 0.12101413842727  0.13240758646704
 0.13347406408509  0.13787096674011
 0.14644660940673  0.14299802435805
 0.15991363111454  0.14777238394114
 0.17385629436094  0.15217995067506
 0.18825509907063  0.15621037842596
 0.20308990721325  0.15985541841019
 0.21833997096819  0.16310422977120
 0.23398396174233  0.16593975514748
 0.25000000000000  0.16834105305187
 0.26636568586347  0.17028947556496
 0.28305813044122  0.17177345496487
 0.30005398784013  0.17279056965720
 0.31732948781680  0.17334877772370
 0.33486046902242  0.17346526648404
 0.35262241279455  0.17316258165876
 0.37059047744874  0.17246452359208
 0.38873953302184  0.17139402843286
 0.40704419641854  0.16997190912564
 0.42547886691191  0.16821664325989
 0.44401776194835  0.16614600325344
 0.46263495320679  0.16377906864875
 0.48130440286184  0.16113682078350
 0.50000000000000  0.15824121716540
 0.51869559713816  0.15511430156769
 0.53736504679321  0.15177775899996
 0.55598223805165  0.14825283230192
 0.57452113308809  0.14456026870745
 0.59295580358146  0.14072026962543
 0.61126046697816  0.13675252959310
 0.62940952255126  0.13267625418961
 0.64737758720545  0.12851021772969
 0.66513953097758  0.12427283055269
 0.68267051218320  0.11998211457120
 0.69994601215987  0.11565520101963
 0.71694186955878  0.11130741419320
 0.73363431413653  0.10695151179990
 0.75000000000000  0.10259726521816
 0.76601603825767  0.09825276240039
 0.78166002903181  0.09392773875774
 0.79691009278675  0.08963460441602
 0.81174490092937  0.08538220878553
 0.82614370563906  0.08116830309946
 0.84008636888546  0.07698293901814
 0.85355339059327  0.07282252869175
 0.86652593591491  0.06870143205709
 0.87898586157273  0.06465819268141
 0.89091574123401  0.06074994287153
 0.90229888988333  0.05701695836928
 0.91311938715800  0.05346962612004
 0.92336209961414  0.05011248044315
 0.93301270189222  0.04694937814777
 0.94205769675230  0.04398431700869
 0.95048443395121  0.04122134947869
 0.95828112793499  0.03866438528687
 0.96543687432210  0.03631708363948
 0.97194166515418  0.03418280773782
 0.97778640289307  0.03226461498982
 0.98296291314453  0.03056526430295
 0.98746395609091  0.02908722512474
 0.99128323661664  0.02783268355282
 0.99441541311256  0.02680354019227
 0.99685610494662  0.02600139386643
 0.99860189859059  0.02542751361432
 0.99965035239420  0.02508281660784
 1.00000000000000  0.02496786863691
</coords>