<reference>
NuMad format, 170 pts.
</reference>
<coords>
 1.00000000000000  0.00000000000000
 1.00000000000000 -0.04612275332654
 0.99965035239420 -0.04599168985261
 0.99860189859059 -0.04560509824234
 0.99685610494662 -0.04498299109562
 0.99441541311256 -0.04415754617789
 0.99128323661664 -0.04317188933356
 0.98746395609091 -0.04207882489036
 0.98296291314453 -0.04094005820951
 0.97778640289307 -0.03982492833114
 0.97194166515418 -0.03880867952441
 0.96543687432210 -0.03796846796401
 0.95828112793499 -0.03737921938192
 0.95048443395121 -0.03711113892739
 0.94205769675230 -0.03722926130794
 0.93301270189222 -0.03779596067169
 0.92336209961414 -0.03887153665638
 0.91311938715800 -0.04051300851434
 0.90229888988333 -0.04277145151382
 0.89091574123401 -0.04568765869908
 0.87898586157273 -0.04928699952723
 0.86652593591491 -0.05357415032428
 0.85355339059327 -0.05852880472140
 0.84008636888546 -0.06410461714405
 0.82614370563906 -0.07023284106972
 0.81174490092937 -0.07682935425712
 0.79691009278675 -0.08380268660941
 0.78166002903181 -0.09106338842914
 0.76601603825767 -0.09853237546810
 0.75000000000000 -0.10614605733695
 0.73363431413653 -0.11385363280140
 0.71694186955878 -0.12160962917342
 0.69994601215987 -0.12937022497721
 0.68267051218320 -0.13709137423721
 0.66513953097758 -0.14472636605133
 0.64737758720545 -0.15222315877726
 0.62940952255126 -0.15952169436257
 0.61126046697816 -0.16655299720689
 0.59295580358146 -0.17324128566291
 0.57452113308809 -0.17950734198913
 0.55598223805165 -0.18527183786091
 0.53736504679321 -0.19045834793376
 0.51869559713816 -0.19500452598569
 0.50000000000000 -0.19889787677333
 0.48130440286184 -0.20217192308327
 0.46263495320679 -0.20486988058815
 0.44401776194835 -0.20703297616701
 0.42547886691191 -0.20869659421019
 0.40704419641854 -0.20988835575388
 0.38873953302184 -0.21062821468165
 0.37059047744874 -0.21092903439211
 0.35262241279455 -0.21079714739840
 0.33486046902242 -0.21023446979159
 0.31732948781680 -0.20924258966787
 0.30005398784013 -0.20782622801324
 0.28305813044122 -0.20599359446525
 0.26636568586347 -0.20375536973000
 0.25000000000000 -0.20112367278585
 0.23398396174233 -0.19811155094038
 0.21833997096819 -0.19473280215147
 0.20308990721325 -0.19100199155790
 0.18825509907063 -0.18693457201349
 0.17385629436094 -0.18254614893049
 0.15991363111454 -0.17784932100907
 0.14644660940673 -0.17284995827500
 0.13347406408509 -0.16754745137830
 0.12101413842727 -0.16193870642226
 0.10908425876599 -0.15602190091151
 0.09770111011667 -0.14979933859970
 0.08688061284200 -0.14327953670218
 0.07663790038586 -0.13647650491974
 0.06698729810778 -0.12940417233490
 0.05794230324770 -0.12207242981554
 0.04951556604879 -0.11448933457579
 0.04171887206501 -0.10666624259738
 0.03456312567790 -0.09861918951508
 0.02805833484582 -0.09036239127749
 0.02221359710693 -0.08189815640139
 0.01703708685547 -0.07320360726507
 0.01253604390909 -0.06421284468410
 0.00871676338336 -0.05480679486268
 0.00558458688744 -0.04477838285060
 0.00314389505338 -0.03373431056305
 0.00139810140941 -0.02178130635113
 0.00034964760580 -0.01032106119322
 0.00000000000000  0.00000000000000
 0.00034964760580  0.01047236113593
 0.00139810140941  0.01915555850732
 0.00314389505338  0.02716812334305
 0.00558458688744  0.03538539204719
 0.00871676338336  0.04399893306039
 0.01253604390909  0.05296583144966
 0.01703708685547  0.06211237553564
 0.02221359710693  0.07132151365908
 0.02805833484582  0.08055324356244
 0.03456312567790  0.08978701183407
 0.04171887206501  0.09898185325265
 0.04951556604879  0.10807991120757
 0.05794230324770  0.11702610353546
 0.06698729810778  0.12577822764907
 0.07663790038586  0.13430077241865
 0.08688061284200  0.14255733381261
 0.09770111011667  0.15050927168485
 0.10908425876599  0.15812038193755
 0.12101413842727  0.16536053090109
 0.13347406408509  0.17220508386159
 0.14644660940673  0.17863208587002
 0.15991363111454  0.18462106328765
 0.17385629436094  0.19015442810009
 0.18825509907063  0.19521920598434
 0.20308990721325  0.19980504346745
 0.21833997096819  0.20389841210338
 0.23398396174233  0.20747795973882
 0.25000000000000  0.21051755577721
 0.26636568586347  0.21299389018578
 0.28305813044122  0.21489245679449
 0.30005398784013  0.21621017863344
 0.31732948781680  0.21695688792537
 0.33486046902242  0.21715394756051
 0.35262241279455  0.21682933845964
 0.37059047744874  0.21601267373670
 0.38873953302184  0.21473243635581
 0.40704419641854  0.21301450977246
 0.42547886691191  0.21088183878307
 0.44401776194835  0.20835648359785
 0.46263495320679  0.20546214820926
 0.48130440286184  0.20222489659265
 0.50000000000000  0.19867201868177
 0.51869559713816  0.19483089303457
 0.53736504679321  0.19072847680758
 0.55598223805165  0.18639115684077
 0.57452113308809  0.18184470970933
 0.59295580358146  0.17711423500239
 0.61126046697816  0.17222419067505
 0.62940952255126  0.16719844320724
 0.64737758720545  0.16206030694350
 0.66513953097758  0.15683264693313
 0.68267051218320  0.15153785132695
 0.69994601215987  0.14619719143169
 0.71694186955878  0.14082969297854
 0.73363431413653  0.13545118413132
 0.75000000000000  0.13007377705810
 0.76601603825767  0.12470747883968
 0.78166002903181  0.11936435082036
 0.79691009278675  0.11405979342926
 0.81174490092937  0.10880478187858
 0.82614370563906  0.10359644287594
 0.84008636888546  0.09842232979628
 0.85355339059327  0.09327791448770
 0.86652593591491  0.08818101456245
 0.87898586157273  0.08317960833238
 0.89091574123401  0.07834482786806
 0.90229888988333  0.07372682507049
 0.91311938715800  0.06933849926182
 0.92336209961414  0.06518545609650
 0.93301270189222  0.06127245918925
 0.94205769675230  0.05760445027885
 0.95048443395121  0.05418644158246
 0.95828112793499  0.05102327001100
 0.96543687432210  0.04811946310447
 0.97194166515418  0.04547918211397
 0.97778640289307  0.04310621007119
 0.98296291314453  0.04100396055604
 0.98746395609091  0.03917548958339
 0.99128323661664  0.03762350224120
 0.99441541311256  0.03635035134170
 0.99685610494662  0.03535801633959
 0.99860189859059  0.03464806789899
 0.99965035239420  0.03422164223156
 1.00000000000000  0.03407943959497
</coords>