<reference>
NuMad format, 170 pts.
</reference>
<coords>
 1.00000000000000  0.00000000000000
 1.00000000000000 -0.06841311594496
 0.99965035239420 -0.06824392061423
 0.99860189859059 -0.06774467114526
 0.99685610494662 -0.06694069482019
 0.99441541311256 -0.06587264871227
 0.99128323661664 -0.06459502825772
 0.98746395609091 -0.06317478636703
 0.98296291314453 -0.06168978119778
 0.97778640289307 -0.06022784246917
 0.97194166515418 -0.05888394218426
 0.96543687432210 -0.05775589134846
 0.95828112793499 -0.05693832060566
 0.95048443395121 -0.05652008045829
 0.94205769675230 -0.05658352930159
 0.93301270189222 -0.05720752332580
 0.92336209961414 -0.05846838948919
 0.91311938715800 -0.06043832847029
 0.90229888988333 -0.06318203600232
 0.89091574123401 -0.06675121028943
 0.87898586157273 -0.07117802357316
 0.86652593591491 -0.07646862416788
 0.85355339059327 -0.08259751913728
 0.84008636888546 -0.08950628077091
 0.82614370563906 -0.09710830317427
 0.81174490092937 -0.10529746788265
 0.79691009278675 -0.11395840107272
 0.78166002903181 -0.12297828368903
 0.76601603825767 -0.13225740111394
 0.75000000000000 -0.14171561263294
 0.73363431413653 -0.15128894720300
 0.71694186955878 -0.16092017830314
 0.69994601215987 -0.17055417904043
 0.68267051218320 -0.18013552163249
 0.66513953097758 -0.18960544734106
 0.64737758720545 -0.19889844229939
 0.62940952255126 -0.20793888638064
 0.61126046697816 -0.21663987650727
 0.59295580358146 -0.22490593811996
 0.57452113308809 -0.23263721370764
 0.55598223805165 -0.23973372028473
 0.53736504679321 -0.24609916705784
 0.51869559713816 -0.25165499503298
 0.50000000000000 -0.25638559574685
 0.48130440286184 -0.26033359730869
 0.46263495320679 -0.26355384314925
 0.44401776194835 -0.26609869503652
 0.42547886691191 -0.26801316437588
 0.40704419641854 -0.26933237847527
 0.38873953302184 -0.27008186101116
 0.37059047744874 -0.27027812288623
 0.35262241279455 -0.26992942019779
 0.33486046902242 -0.26903843017852
 0.31732948781680 -0.26760743800782
 0.30005398784013 -0.26564261819450
 0.28305813044122 -0.26315461817187
 0.26636568586347 -0.26015713784338
 0.25000000000000 -0.25666575590911
 0.23398396174233 -0.25269719297236
 0.21833997096819 -0.24826906380574
 0.20308990721325 -0.24340006676031
 0.18825509907063 -0.23810990958987
 0.17385629436094 -0.23241849788282
 0.15991363111454 -0.22634200273730
 0.14644660940673 -0.21988804489222
 0.13347406408509 -0.21305602161014
 0.12101413842727 -0.20584226185726
 0.10908425876599 -0.19824458865852
 0.09770111011667 -0.19026609589189
 0.08688061284200 -0.18191768919320
 0.07663790038586 -0.17321722495274
 0.06698729810778 -0.16418248198229
 0.05794230324770 -0.15482607746401
 0.04951556604879 -0.14515833532248
 0.04171887206501 -0.13519368675284
 0.03456312567790 -0.12495256110637
 0.02805833484582 -0.11445300956432
 0.02221359710693 -0.10369806315730
 0.01703708685547 -0.09265906154999
 0.01253604390909 -0.08125256753402
 0.00871676338336 -0.06932871385490
 0.00558458688744 -0.05662566926272
 0.00314389505338 -0.04264679921942
 0.00139810140941 -0.02752447857879
 0.00034964760580 -0.01302920992516
 0.00000000000000  0.00000000000000
 0.00034964760580  0.01325581165683
 0.00139810140941  0.02424257234853
 0.00314389505338  0.03438616911850
 0.00558458688744  0.04479448394607
 0.00871676338336  0.05571042928939
 0.01253604390909  0.06707979343143
 0.01703708685547  0.07868326061939
 0.02221359710693  0.09037270624171
 0.02805833484582  0.10209748644100
 0.03456312567790  0.11383149534134
 0.04171887206501  0.12552298943667
 0.04951556604879  0.13709872801096
 0.05794230324770  0.14848904046421
 0.06698729810778  0.15964038066911
 0.07663790038586  0.17050781988732
 0.08688061284200  0.18104512498873
 0.09770111011667  0.19120343583316
 0.10908425876599  0.20093675677009
 0.12101413842727  0.21020688388326
 0.13347406408509  0.21898248739474
 0.14644660940673  0.22723563416291
 0.15991363111454  0.23494031192869
 0.17385629436094  0.24207405177182
 0.18825509907063  0.24862026593784
 0.20308990721325  0.25456568168782
 0.21833997096819  0.25989298816715
 0.23398396174233  0.26457500285279
 0.25000000000000  0.26857845558414
 0.26636568586347  0.27187369313800
 0.28305813044122  0.27444211352703
 0.30005398784013  0.27627957545308
 0.31732948781680  0.27739826850705
 0.33486046902242  0.27782489911158
 0.35262241279455  0.27759461765744
 0.37059047744874  0.27674452957154
 0.38873953302184  0.27531043959288
 0.40704419641854  0.27332477249719
 0.42547886691191  0.27081628180775
 0.44401776194835  0.26781256649109
 0.46263495320679  0.26434332751017
 0.48130440286184  0.26044124541923
 0.50000000000000  0.25614053212503
 0.51869559713816  0.25147553233035
 0.53736504679321  0.24648004377561
 0.55598223805165  0.24118714929514
 0.57452113308809  0.23562916300863
 0.59295580358146  0.22983754600861
 0.61126046697816  0.22384294570466
 0.62940952255126  0.21767525756885
 0.64737758720545  0.21136370209072
 0.66513953097758  0.20493691228898
 0.68267051218320  0.19842293511530
 0.69994601215987  0.19184840234754
 0.71694186955878  0.18523712018883
 0.73363431413653  0.17860885660847
 0.75000000000000  0.17197867679673
 0.76601603825767  0.16535899971784
 0.78166002903181  0.15876484233475
 0.79691009278675  0.15221544215201
 0.81174490092937  0.14572445747959
 0.82614370563906  0.13928807365117
 0.84008636888546  0.13289034242327
 0.85355339059327  0.12652534186918
 0.86652593591491  0.12021537246514
 0.87898586157273  0.11402085896859
 0.89091574123401  0.10803151578308
 0.90229888988333  0.10231058227474
 0.91311938715800  0.09687421598361
 0.92336209961414  0.09172934778233
 0.93301270189222  0.08688185316382
 0.94205769675230  0.08233784053708
 0.95048443395121  0.07810351587283
 0.95828112793499  0.07418487267904
 0.96543687432210  0.07058752250255
 0.97194166515418  0.06731662289769
 0.97778640289307  0.06437686275799
 0.98296291314453  0.06177247332035
 0.98746395609091  0.05950724355689
 0.99128323661664  0.05758452805749
 0.99441541311256  0.05600724624031
 0.99685610494662  0.05477785540493
 0.99860189859059  0.05389830620656
 0.99965035239420  0.05337000949882
 1.00000000000000  0.05319383515515
</coords>