<reference>
NuMad format, 170 pts.
</reference>
<coords>
 1.00000000000000  0.00000000000000
 1.00000000000000 -0.09853097610297
 0.99965035239420 -0.09833376340375
 0.99860189859059 -0.09775147649278
 0.99685610494662 -0.09681252276968
 0.99441541311256 -0.09556250381968
 0.99128323661664 -0.09406255475119
 0.98746395609091 -0.09238774318817
 0.98296291314453 -0.09062551464997
 0.97778640289307 -0.08887422733080
 0.97194166515418 -0.08724060980001
 0.96543687432210 -0.08583429722910
 0.95828112793499 -0.08476164144233
 0.95048443395121 -0.08412221708388
 0.94205769675230 -0.08400859748186
 0.93301270189222 -0.08450944082662
 0.92336209961414 -0.08571046943098
 0.91311938715800 -0.08769293153195
 0.90229888988333 -0.09052951063505
 0.89091574123401 -0.09427849360019
 0.87898586157273 -0.09897631608716
 0.86652593591491 -0.10463016400054
 0.85355339059327 -0.11121188126612
 0.84008636888546 -0.11865647239275
 0.82614370563906 -0.12686728779712
 0.81174490092937 -0.13572589855304
 0.79691009278675 -0.14510349064921
 0.78166002903181 -0.15487413538079
 0.76601603825767 -0.16492658782932
 0.75000000000000 -0.17517154504578
 0.73363431413653 -0.18553783430991
 0.71694186955878 -0.19596184424102
 0.69994601215987 -0.20638233160951
 0.68267051218320 -0.21673773349338
 0.66513953097758 -0.22696275270505
 0.64737758720545 -0.23698453143578
 0.62940952255126 -0.24671891932416
 0.61126046697816 -0.25606910758116
 0.59295580358146 -0.26492869691030
 0.57452113308809 -0.27318641809855
 0.55598223805165 -0.28073079945147
 0.53736504679321 -0.28745453613160
 0.51869559713816 -0.29327018789439
 0.50000000000000 -0.29816081638320
 0.48130440286184 -0.30217472420230
 0.46263495320679 -0.30537392382378
 0.44401776194835 -0.30781764624287
 0.42547886691191 -0.30955686793966
 0.40704419641854 -0.31063153300900
 0.38873953302184 -0.31107079924146
 0.37059047744874 -0.31089371431377
 0.35262241279455 -0.31011012615691
 0.33486046902242 -0.30872352952497
 0.31732948781680 -0.30673706060864
 0.30005398784013 -0.30415814242067
 0.28305813044122 -0.30099926866863
 0.26636568586347 -0.29727627595386
 0.25000000000000 -0.29300714599760
 0.23398396174233 -0.28821106601227
 0.21833997096819 -0.28290834589202
 0.20308990721325 -0.27712032106424
 0.18825509907063 -0.27086957312788
 0.17385629436094 -0.26417887424534
 0.15991363111454 -0.25706675716666
 0.14644660940673 -0.24954219625355
 0.13347406408509 -0.24160494368044
 0.12101413842727 -0.23325125813480
 0.10908425876599 -0.22447911679332
 0.09770111011667 -0.21529231491779
 0.08688061284200 -0.20570343350862
 0.07663790038586 -0.19573275779544
 0.06698729810778 -0.18540060604076
 0.05794230324770 -0.17472136255986
 0.04951556604879 -0.16370687628679
 0.04171887206501 -0.15237353817748
 0.03456312567790 -0.14074451784176
 0.02805833484582 -0.12884024222697
 0.02221359710693 -0.11666438934232
 0.01703708685547 -0.10418483033197
 0.01253604390909 -0.09130866925955
 0.00871676338336 -0.07786783692605
 0.00558458688744 -0.06356932046393
 0.00314389505338 -0.04785668958782
 0.00139810140941 -0.03087763375430
 0.00034964760580 -0.01461543933120
 0.00000000000000  0.00000000000000
 0.00034964760580  0.01484557260996
 0.00139810140941  0.02717802573534
 0.00314389505338  0.03857975844175
 0.00558458688744  0.05029291241692
 0.00871676338336  0.06258976027776
 0.01253604390909  0.07540964640261
 0.01703708685547  0.08850668245475
 0.02221359710693  0.10171495095465
 0.02805833484582  0.11497742361288
 0.03456312567790  0.12826476832400
 0.04171887206501  0.14151867220604
 0.04951556604879  0.15465702778968
 0.05794230324770  0.16760147232776
 0.06698729810778  0.18029178291188
 0.07663790038586  0.19267729309158
 0.08688061284200  0.20470601543575
 0.09770111011667  0.21632282511415
 0.10908425876599  0.22747590425005
 0.12101413842727  0.23812208193761
 0.13347406408509  0.24822587615568
 0.14644660940673  0.25775565734975
 0.15991363111454  0.26668184331410
 0.17385629436094  0.27497889651148
 0.18825509907063  0.28262774003304
 0.20308990721325  0.28961312150721
 0.21833997096819  0.29591518704775
 0.23398396174233  0.30150296719856
 0.25000000000000  0.30633878423391
 0.26636568586347  0.31038888879709
 0.28305813044122  0.31363193008822
 0.30005398784013  0.31606278638861
 0.31732948781680  0.31769454877703
 0.33486046902242  0.31855660421812
 0.35262241279455  0.31868780613849
 0.37059047744874  0.31812916652494
 0.38873953302184  0.31692025737525
 0.40704419641854  0.31509683276896
 0.42547886691191  0.31269054404091
 0.44401776194835  0.30973175335403
 0.46263495320679  0.30625317807855
 0.48130440286184  0.30229082714722
 0.50000000000000  0.29788247822528
 0.51869559713816  0.29306602136118
 0.53736504679321  0.28787874889920
 0.55598223805165  0.28235716029957
 0.57452113308809  0.27653686911829
 0.59295580358146  0.27045256554028
 0.61126046697816  0.26413801297905
 0.62940952255126  0.25762614527380
 0.64737758720545  0.25094913362769
 0.66513953097758  0.24413851556262
 0.68267051218320  0.23722515733052
 0.69994601215987  0.23023836243135
 0.71694186955878  0.22320427032213
 0.73363431413653  0.21614450565056
 0.75000000000000  0.20907544385402
 0.76601603825767  0.20201048907396
 0.78166002903181  0.19496597551004
 0.79691009278675  0.18796296777218
 0.81174490092937  0.18101631184225
 0.82614370563906  0.17412128415436
 0.84008636888546  0.16725958435854
 0.85355339059327  0.16042413583387
 0.86652593591491  0.15363950171555
 0.87898586157273  0.14697295114530
 0.89091574123401  0.14052460640601
 0.90229888988333  0.13436496570173
 0.91311938715800  0.12851179178801
 0.92336209961414  0.12297251833850
 0.93301270189222  0.11775341362503
 0.94205769675230  0.11286102551641
 0.95048443395121  0.10830202803457
 0.95828112793499  0.10408287855037
 0.96543687432210  0.10020962368362
 0.97194166515418  0.09668782202491
 0.97778640289307  0.09352252762667
 0.98296291314453  0.09071830131995
 0.98746395609091  0.08827922906313
 0.99128323661664  0.08620893125481
 0.99441541311256  0.08451056175462
 0.99685610494662  0.08318677596319
 0.99860189859059  0.08223968581822
 0.99965035239420  0.08167081770727
 1.00000000000000  0.08148111368896
</coords>