---
---
Tower Parameters
  11
  1.0
  1.0
  1.0
  1.0
Tower Adjustment Factors
  1.0
  1.0
  1.0
  1.0
  1.0
  1.0
  1.0
Distributed Tower Properties
---
---
0.000000000e+00	5.590870000e+03	6.143430000e+11	6.143430000e+11
1.000000000e-01	5.232430000e+03	5.348210000e+11	5.348210000e+11
2.000000000e-01	4.885760000e+03	4.632670000e+11	4.632670000e+11
3.000000000e-01	4.550870000e+03	3.991310000e+11	3.991310000e+11
4.000000000e-01	4.227750000e+03	3.418830000e+11	3.418830000e+11
5.000000000e-01	3.916410000e+03	2.910110000e+11	2.910110000e+11
6.000000000e-01	3.616830000e+03	2.460270000e+11	2.460270000e+11
7.000000000e-01	3.329030000e+03	2.064570000e+11	2.064570000e+11
8.000000000e-01	3.053010000e+03	1.718510000e+11	1.718510000e+11
9.000000000e-01	2.788750000e+03	1.417760000e+11	1.417760000e+11
1.000000000e+00	2.536270000e+03	1.158200000e+11	1.158200000e+11
Tower Fore-Aft Mode Shapes
0.7004
2.1963
-5.6202
6.2275
-2.504
-70.5319
-63.7623
289.737
-176.513
22.0706
Tower Side-to-Side Mode Shapes
1.385
-1.7684
3.0871
-2.2395
0.5357
-121.21
184.415
-224.904
298.536
-135.838
