                   201   NumCoords   ! The number of coordinates in the airfoil shape file (including an extra coordinate for airfoil reference).  Set to zero if coordinates not included.
! ......... x-y coordinates are next if NumCoords > 0 .............
! x-y coordinate of airfoil reference
!  x/c        y/c
 0.310153       0
! coordinates of airfoil shape
! interpolation to 200 points
!  x/c        y/c
 1.00000000000000e+00 -8.55621536187719e-03
 9.99429683992583e-01 -8.44462592972462e-03
 9.98063017832965e-01 -8.18043284279360e-03
 9.95573914266674e-01 -7.71086916044637e-03
 9.92086309749559e-01 -7.07802817021320e-03
 9.87686148675057e-01 -6.32107100816633e-03
 9.82330525170640e-01 -5.46159729577204e-03
 9.76011908335692e-01 -4.53391157334544e-03
 9.68787467298381e-01 -3.58619333123070e-03
 9.60674860259240e-01 -2.66335606057587e-03
 9.51675358763677e-01 -1.81149711868914e-03
 9.41827652746244e-01 -1.08229413619454e-03
 9.31175295355131e-01 -5.69137026361566e-04
 9.19730397431178e-01 -3.36285116398430e-04
 9.07524559194720e-01 -3.34933536365584e-04
 8.94610408070308e-01 -6.83383563526228e-04
 8.81009696499435e-01 -1.49344002978171e-03
 8.66747905197194e-01 -2.78797891411109e-03
 8.51890258171205e-01 -4.59213370911812e-03
 8.36469462621421e-01 -6.92432408778531e-03
 8.20513485943698e-01 -9.80797196179493e-03
 8.04073832217581e-01 -1.32559571120920e-02
 7.87191529885653e-01 -1.72780256201549e-02
 7.69897919101553e-01 -2.19268753643007e-02
 7.52252341235159e-01 -2.71677129544554e-02
 7.34291349178558e-01 -3.29323944989231e-02
 7.16044924955764e-01 -3.91861303707215e-02
 6.97571640033109e-01 -4.58795684343858e-02
 6.78906186433687e-01 -5.29443769517287e-02
 6.60080312620540e-01 -6.02916162084706e-02
 6.41147517137212e-01 -6.78149044394523e-02
 6.22137650968852e-01 -7.54268591992419e-02
 6.03087998194415e-01 -8.30323109721988e-02
 5.84045042118975e-01 -9.05196133687472e-02
 5.65030897687003e-01 -9.78140288754877e-02
 5.46088602779599e-01 -1.04842828834160e-01
 5.27248673916899e-01 -1.11525758376848e-01
 5.08535950506088e-01 -1.17825390592993e-01
 4.89992355470388e-01 -1.23697576718037e-01
 4.71632114506831e-01 -1.29110643104169e-01
 4.53492503744348e-01 -1.34034513369723e-01
 4.35593302897673e-01 -1.38463239716403e-01
 4.17956065616942e-01 -1.42392221188362e-01
 4.00609748442576e-01 -1.45818396509722e-01
 3.83560931606009e-01 -1.48741550868633e-01
 3.66843215733716e-01 -1.51187793318083e-01
 3.50457316320503e-01 -1.53154429748112e-01
 3.34434484008630e-01 -1.54664291273837e-01
 3.18774100329315e-01 -1.55726803585986e-01
 3.03499623121295e-01 -1.56376708884488e-01
 2.88611293565648e-01 -1.56614864952243e-01
 2.74124386665666e-01 -1.56469959208637e-01
 2.60041455523719e-01 -1.55943261555843e-01
 2.46374872015918e-01 -1.55077614243863e-01
 2.33123443938833e-01 -1.53877018949081e-01
 2.20293777810423e-01 -1.52359123466444e-01
 2.07883282965331e-01 -1.50549786504672e-01
 1.95902956391646e-01 -1.48464800082391e-01
 1.84341253066628e-01 -1.46119999587863e-01
 1.73213930954161e-01 -1.43540323815343e-01
 1.62499176129638e-01 -1.40731842232865e-01
 1.52214602777259e-01 -1.37717582681399e-01
 1.42331759398971e-01 -1.34520349227254e-01
 1.32872111539190e-01 -1.31158284141186e-01
 1.23806439629760e-01 -1.27637872631614e-01
 1.15147623386077e-01 -1.23994652130569e-01
 1.06887208802748e-01 -1.20238069522104e-01
 9.90071115215634e-02 -1.16376851864057e-01
 9.15234043853440e-02 -1.12447039078022e-01
 8.43970428172224e-02 -1.08444703784896e-01
 7.76464790199521e-02 -1.04394123548202e-01
 7.12479082120208e-02 -1.00311200675670e-01
 6.51878662973747e-02 -9.61963479719611e-02
 5.94874721274203e-02 -9.20801592340198e-02
 5.41002464180900e-02 -8.79588294721593e-02
 4.90378786701877e-02 -8.38484156719293e-02
 4.43003497573340e-02 -7.97632157733820e-02
 3.98423597346805e-02 -7.56895143806141e-02
 3.56899752436130e-02 -7.16683060155641e-02
 3.18292350050659e-02 -6.76991682314705e-02
 2.82200072057900e-02 -6.37635998392059e-02
 2.48925247792698e-02 -5.98882469119600e-02
 2.18286683030035e-02 -5.60839225350649e-02
 1.89846947131332e-02 -5.22850257277440e-02
 1.63921917020335e-02 -4.85792963343828e-02
 1.40446346341990e-02 -4.49651034369983e-02
 1.18798249846349e-02 -4.13589275192767e-02
 9.93094518736226e-03 -3.78590464122287e-02
 8.21940795734749e-03 -3.44716956754549e-02
 6.65838622137879e-03 -3.10604344576665e-02
 5.26774192850643e-03 -2.76710676547324e-02
 4.09515753852961e-03 -2.43600466876420e-02
 3.09878859713642e-03 -2.11673370855783e-02
 2.19660773551101e-03 -1.80042230153123e-02
 1.46264176301869e-03 -1.46798672439524e-02
 9.64484608297922e-04 -1.17312521810947e-02
 5.99373867982851e-04 -8.31666768813690e-03
 2.90086645599082e-04 -4.04125662343491e-03
 7.80707788302466e-05 -1.02521141205062e-03
 0.00000000000000e+00  0.00000000000000e+00
 7.80412061165972e-05  1.02498086417073e-03
 2.89878724192004e-04  4.02447424921589e-03
 5.98775316682048e-04  8.26705934812111e-03
 9.63326351634835e-04  1.17135256649103e-02
 1.45966821282819e-03  1.48111499376264e-02
 2.19097636449990e-03  1.82862482363926e-02
 3.08997841959778e-03  2.17296743927146e-02
 4.08271112470316e-03  2.52343284391556e-02
 5.24853124383664e-03  2.86914455896813e-02
 6.63128223001261e-03  3.22285357678369e-02
 8.18368429859057e-03  3.58294372034207e-02
 9.88361416849065e-03  3.93654341156380e-02
 1.18176401547236e-02  4.30331911745992e-02
 1.39661993216830e-02  4.68037178497982e-02
 1.62951420791042e-02  5.05610880736253e-02
 1.88631937781153e-02  5.44071521799787e-02
 2.16807137532775e-02  5.83203178993850e-02
 2.47159162958630e-02  6.22346992331978e-02
 2.80064400105864e-02  6.61927416543571e-02
 3.15762558914965e-02  7.02008571167721e-02
 3.53948396168776e-02  7.42181063245852e-02
 3.94949825480075e-02  7.82591034303049e-02
 4.38979282781582e-02  8.23336428765416e-02
 4.85758075737765e-02  8.63961046003427e-02
 5.35679916138118e-02  9.04664056067530e-02
 5.88818211488708e-02  9.45237339047921e-02
 6.45001629027313e-02  9.85385190708031e-02
 7.04692046391145e-02  1.02534301061136e-01
 7.67740309924709e-02  1.06483692276335e-01
 8.34162127168367e-02  1.10372266196975e-01
 9.04290195190656e-02  1.14190486901251e-01
 9.77906533229447e-02  1.17917956151316e-01
 1.05536187198748e-01  1.21547197052277e-01
 1.13658760041779e-01  1.25050725246171e-01
 1.22161483318940e-01  1.28426950137882e-01
 1.31067498602735e-01  1.31654471768341e-01
 1.40354649921884e-01  1.34717650800125e-01
 1.50055110786138e-01  1.37600829135661e-01
 1.60148962661562e-01  1.40287162415339e-01
 1.70658187899640e-01  1.42759977887289e-01
 1.81574957422924e-01  1.45003063903327e-01
 1.92907571409635e-01  1.46997654927906e-01
 2.04657634577812e-01  1.48741860493772e-01
 2.16817353069424e-01  1.50215181528836e-01
 2.29396483963478e-01  1.51416559530805e-01
 2.42377800694080e-01  1.52345835821571e-01
 2.55773624268338e-01  1.52998926240266e-01
 2.69566785632899e-01  1.53365353983766e-01
 2.83765797226135e-01  1.53435282603082e-01
 2.98347982887804e-01  1.53228901603656e-01
 3.13318978785268e-01  1.52718140007926e-01
 3.28658461892810e-01  1.51926155969363e-01
 3.44364941645546e-01  1.50858978916267e-01
 3.60419773725681e-01  1.49510284212090e-01
 3.76811233766957e-01  1.47882696557985e-01
 3.93525251020729e-01  1.45993562469597e-01
 4.10538642553571e-01  1.43823612633419e-01
 4.27843232490823e-01  1.41406196079297e-01
 4.45406663468198e-01  1.38743378614862e-01
 4.63222254103030e-01  1.35849718181535e-01
 4.81251545655716e-01  1.32718678864789e-01
 4.99481026671737e-01  1.29386791459581e-01
 5.17879583085697e-01  1.25853496302989e-01
 5.36417631367010e-01  1.22159523374011e-01
 5.55075704909560e-01  1.18322905431350e-01
 5.73808427242608e-01  1.14339299040111e-01
 5.92596731105059e-01  1.10230659969386e-01
 6.11401377553511e-01  1.06019240560042e-01
 6.30186430605241e-01  1.01712730583520e-01
 6.48926781663159e-01  9.73350149361165e-02
 6.67570206424973e-01  9.28995423978647e-02
 6.86088429590952e-01  8.84136474203886e-02
 7.04445389043917e-01  8.39153221739851e-02
 7.22592093722966e-01  7.94019064955655e-02
 7.40501800453524e-01  7.49007112060037e-02
 7.58125457122835e-01  7.04398238218628e-02
 7.75421014376153e-01  6.60347533456241e-02
 7.92362373587600e-01  6.17084594380812e-02
 8.08894546151696e-01  5.74774189982841e-02
 8.24974633014891e-01  5.33458738428397e-02
 8.40576952273409e-01  4.93478162889135e-02
 8.55652758808818e-01  4.54897049345762e-02
 8.70162898882712e-01  4.17975643082824e-02
 8.84085033071272e-01  3.82742064169515e-02
 8.97361214262371e-01  3.49301175415573e-02
 9.09954680076662e-01  3.17827723363459e-02
 9.21851471402547e-01  2.88372597591651e-02
 9.33012836658427e-01  2.61085893571966e-02
 9.43389278969050e-01  2.35882708076430e-02
 9.52973153850560e-01  2.12594290485875e-02
 9.61743130827061e-01  1.91280276373393e-02
 9.69640690675464e-01  1.72083221735559e-02
 9.76664215898664e-01  1.55007679993459e-02
 9.82815077112014e-01  1.40051103448476e-02
 9.88028440045103e-01  1.27372049013619e-02
 9.92304836603751e-01  1.16970165347914e-02
 9.95693518775914e-01  1.08726498786831e-02
 9.98120489340015e-01  1.02821796530739e-02
 9.99443037908705e-01  9.96038839586772e-03
 1.00000000000000e+00  9.82486849189771e-03
