                   201   NumCoords   ! The number of coordinates in the airfoil shape file (including an extra coordinate for airfoil reference).  Set to zero if coordinates not included.
! ......... x-y coordinates are next if NumCoords > 0 .............
! x-y coordinate of airfoil reference
!  x/c        y/c
 0.266688       0
! coordinates of airfoil shape
! interpolation to 200 points
!  x/c        y/c
 1.00000000000000e+00 -6.36781663733958e-03
 9.99429683992583e-01 -6.25389444568950e-03
 9.98063017832965e-01 -5.98373880066658e-03
 9.95573914266674e-01 -5.50191936081610e-03
 9.92086309749559e-01 -4.84870921410780e-03
 9.87686148675057e-01 -4.06034237861692e-03
 9.82330525170640e-01 -3.15329713415838e-03
 9.76011908335692e-01 -2.15502178184314e-03
 9.68787467298381e-01 -1.10541955187562e-03
 9.60674860259240e-01 -3.83458512039004e-05
 9.51675358763677e-01  1.01446760066869e-03
 9.41827652746244e-01  2.01830174484252e-03
 9.31175295355131e-01  2.84557104930538e-03
 9.19730397431178e-01  3.48787051689638e-03
 9.07524559194720e-01  3.83221282864784e-03
 8.94610408070308e-01  3.86365711804095e-03
 8.81009696499435e-01  3.53061365025577e-03
 8.66747905197194e-01  2.77709844181649e-03
 8.51890258171205e-01  1.61362833346846e-03
 8.36469462621421e-01  8.86143524162533e-06
 8.20513485943698e-01 -2.07771525524032e-03
 8.04073832217581e-01 -4.67143824461851e-03
 7.87191529885653e-01 -7.83200474370582e-03
 7.69897919101553e-01 -1.16109916400864e-02
 7.52252341235159e-01 -1.59935482650143e-02
 7.34291349178558e-01 -2.09281876506497e-02
 7.16044924955764e-01 -2.63527017914866e-02
 6.97571640033109e-01 -3.22251756009216e-02
 6.78906186433687e-01 -3.84936240844131e-02
 6.60080312620540e-01 -4.50806943853196e-02
 6.41147517137212e-01 -5.18911304974866e-02
 6.22137650968852e-01 -5.88303739265541e-02
 6.03087998194415e-01 -6.57978366933231e-02
 5.84045042118975e-01 -7.26953621415380e-02
 5.65030897687003e-01 -7.94388598622285e-02
 5.46088602779599e-01 -8.59456968312994e-02
 5.27248673916899e-01 -9.21420844272925e-02
 5.08535950506088e-01 -9.79674894380532e-02
 4.89992355470388e-01 -1.03389033997460e-01
 4.71632114506831e-01 -1.08361121392210e-01
 4.53492503744348e-01 -1.12852347985551e-01
 4.35593302897673e-01 -1.16855799530231e-01
 4.17956065616942e-01 -1.20388536542347e-01
 4.00609748442576e-01 -1.23435308714013e-01
 3.83560931606009e-01 -1.26015559917538e-01
 3.66843215733716e-01 -1.28130134865048e-01
 3.50457316320503e-01 -1.29791086105726e-01
 3.34434484008630e-01 -1.31019400517720e-01
 3.18774100329315e-01 -1.31837361814004e-01
 3.03499623121295e-01 -1.32257239439600e-01
 2.88611293565648e-01 -1.32307513792598e-01
 2.74124386665666e-01 -1.31992994557225e-01
 2.60041455523719e-01 -1.31343462437764e-01
 2.46374872015918e-01 -1.30378418485533e-01
 2.33123443938833e-01 -1.29120147247287e-01
 2.20293777810423e-01 -1.27582202675079e-01
 2.07883282965331e-01 -1.25774451450282e-01
 1.95902956391646e-01 -1.23729788739495e-01
 1.84341253066628e-01 -1.21450323959777e-01
 1.73213930954161e-01 -1.18973008152709e-01
 1.62499176129638e-01 -1.16293984938436e-01
 1.52214602777259e-01 -1.13446552480385e-01
 1.42331759398971e-01 -1.10445465042916e-01
 1.32872111539190e-01 -1.07317171236456e-01
 1.23806439629760e-01 -1.04066975956966e-01
 1.15147623386077e-01 -1.00719900160846e-01
 1.06887208802748e-01 -9.72967294359695e-02
 9.90071115215634e-02 -9.37999997205377e-02
 9.15234043853440e-02 -9.02686550103434e-02
 8.43970428172224e-02 -8.67032182088313e-02
 7.76464790199521e-02 -8.31197254084314e-02
 7.12479082120208e-02 -7.95374700104052e-02
 6.51878662973747e-02 -7.59564941433998e-02
 5.94874721274203e-02 -7.23982280626738e-02
 5.41002464180900e-02 -6.88650264665811e-02
 4.90378786701877e-02 -6.53770072670289e-02
 4.43003497573340e-02 -6.19423330849591e-02
 3.98423597346805e-02 -5.85433129042710e-02
 3.56899752436130e-02 -5.52101513812352e-02
 3.18292350050659e-02 -5.19483848118545e-02
 2.82200072057900e-02 -4.87299713121880e-02
 2.48925247792698e-02 -4.55980335170359e-02
 2.18286683030035e-02 -4.25414853050613e-02
 1.89846947131332e-02 -3.95412592770521e-02
 1.63921917020335e-02 -3.66463521378651e-02
 1.40446346341990e-02 -3.38044876066481e-02
 1.18798249846349e-02 -3.09812017366347e-02
 9.93094518736226e-03 -2.82555582818264e-02
 8.21940795734749e-03 -2.56042499323908e-02
 6.65838622137879e-03 -2.29273359573900e-02
 5.26774192850643e-03 -2.05170273505133e-02
 4.09515753852961e-03 -1.82464161595131e-02
 3.09878859713642e-03 -1.59849745594287e-02
 2.19660773551101e-03 -1.36386737558677e-02
 1.46264176301869e-03 -1.10131761002182e-02
 9.64484608297922e-04 -8.31232329522488e-03
 5.99373867982851e-04 -5.56505850690736e-03
 2.90086645599082e-04 -2.69323426039678e-03
 7.80707788302466e-05 -7.05206835643513e-04
 0.00000000000000e+00  0.00000000000000e+00
 7.80412061165972e-05  7.27166641355573e-04
 2.89878724192004e-04  2.95469027566079e-03
 5.98775316682048e-04  6.37566271421524e-03
 9.63326351634835e-04  9.53957288328410e-03
 1.45966821282819e-03  1.24540266713412e-02
 2.19097636449990e-03  1.52914795834932e-02
 3.08997841959778e-03  1.80291350046858e-02
 4.08271112470316e-03  2.06568609500180e-02
 5.24853124383664e-03  2.34115842802678e-02
 6.63128223001261e-03  2.63664097431862e-02
 8.18368429859057e-03  2.93021255020085e-02
 9.88361416849065e-03  3.21985882274774e-02
 1.18176401547236e-02  3.52676160324311e-02
 1.39661993216830e-02  3.84033301545856e-02
 1.62951420791042e-02  4.15300290221298e-02
 1.88631937781153e-02  4.47555408508018e-02
 2.16807137532775e-02  4.80431077532207e-02
 2.47159162958630e-02  5.13441982703125e-02
 2.80064400105864e-02  5.46812462982397e-02
 3.15762558914965e-02  5.80644583398826e-02
 3.53948396168776e-02  6.14784729383187e-02
 3.94949825480075e-02  6.49245725630047e-02
 4.38979282781582e-02  6.84116362487533e-02
 4.85758075737765e-02  7.18987199538158e-02
 5.35679916138118e-02  7.54033414967893e-02
 5.88818211488708e-02  7.89129070074893e-02
 6.45001629027313e-02  8.24101947472206e-02
 7.04692046391145e-02  8.59077534278474e-02
 7.67740309924709e-02  8.93807484132727e-02
 8.34162127168367e-02  9.28170389406487e-02
 9.04290195190656e-02  9.62143497558550e-02
 9.77906533229447e-02  9.95523378595342e-02
 1.05536187198748e-01  1.02823084259249e-01
 1.13658760041779e-01  1.06003513229957e-01
 1.22161483318940e-01  1.09093312562734e-01
 1.31067498602735e-01  1.12077497225694e-01
 1.40354649921884e-01  1.14937140204040e-01
 1.50055110786138e-01  1.17649959287166e-01
 1.60148962661562e-01  1.20200505458084e-01
 1.70658187899640e-01  1.22603537835671e-01
 1.81574957422924e-01  1.24803109084895e-01
 1.92907571409635e-01  1.26804072243863e-01
 2.04657634577812e-01  1.28594716907683e-01
 2.16817353069424e-01  1.30156124017127e-01
 2.29396483963478e-01  1.31474345635134e-01
 2.42377800694080e-01  1.32560295391727e-01
 2.55773624268338e-01  1.33405964618024e-01
 2.69566785632899e-01  1.33999491643216e-01
 2.83765797226135e-01  1.34304470872012e-01
 2.98347982887804e-01  1.34334885263296e-01
 3.13318978785268e-01  1.34109923054938e-01
 3.28658461892810e-01  1.33587337126296e-01
 3.44364941645546e-01  1.32826147974391e-01
 3.60419773725681e-01  1.31774641592655e-01
 3.76811233766957e-01  1.30465077808523e-01
 3.93525251020729e-01  1.28900278173045e-01
 4.10538642553571e-01  1.27089358487331e-01
 4.27843232490823e-01  1.25015323445638e-01
 4.45406663468198e-01  1.22721790213741e-01
 4.63222254103030e-01  1.20190953646238e-01
 4.81251545655716e-01  1.17454949912979e-01
 4.99481026671737e-01  1.14499932258783e-01
 5.17879583085697e-01  1.11347457221325e-01
 5.36417631367010e-01  1.08038328341007e-01
 5.55075704909560e-01  1.04576776226708e-01
 5.73808427242608e-01  1.00964828187995e-01
 5.92596731105059e-01  9.72262048217914e-02
 6.11401377553511e-01  9.33817652566856e-02
 6.30186430605241e-01  8.94407759553220e-02
 6.48926781663159e-01  8.54278300007161e-02
 6.67570206424973e-01  8.13585192519051e-02
 6.86088429590952e-01  7.72517871597709e-02
 7.04445389043917e-01  7.31425914297597e-02
 7.22592093722966e-01  6.90231121963204e-02
 7.40501800453524e-01  6.49228455769081e-02
 7.58125457122835e-01  6.08728626337313e-02
 7.75421014376153e-01  5.68836097779064e-02
 7.92362373587600e-01  5.29728440775678e-02
 8.08894546151696e-01  4.91555050695821e-02
 8.24974633014891e-01  4.54477703929371e-02
 8.40576952273409e-01  4.18590234256145e-02
 8.55652758808818e-01  3.84052252714561e-02
 8.70162898882712e-01  3.51012910796920e-02
 8.84085033071272e-01  3.19481404857357e-02
 8.97361214262371e-01  2.89684399034694e-02
 9.09954680076662e-01  2.61526734008176e-02
 9.21851471402547e-01  2.35205517136046e-02
 9.33012836658427e-01  2.10711559267578e-02
 9.43389278969050e-01  1.88143481405414e-02
 9.52973153850560e-01  1.67295664710540e-02
 9.61743130827061e-01  1.48217180780630e-02
 9.69640690675464e-01  1.31035448362436e-02
 9.76664215898664e-01  1.15754198985631e-02
 9.82815077112014e-01  1.02370718905265e-02
 9.88028440045103e-01  9.10263885270973e-03
 9.92304836603751e-01  8.17203728157230e-03
 9.95693518775914e-01  7.43457824877080e-03
 9.98120489340015e-01  6.90639044355238e-03
 9.99443037908705e-01  6.61855343667518e-03
 1.00000000000000e+00  6.49733566016591e-03
