# ----- Rotor performance tables for the OpenFAST_5MW wind turbine ----- 
# ------------ Written on Oct-30-19 using the ROSCO toolbox ------------ 

# Pitch angle vector - x axis (matrix columns) (deg)
-1.0   -0.5   0.0   0.5   1.0   1.5   2.0   2.5   3.0   3.5   4.0   4.5   5.0   5.5   6.0   6.5   7.0   7.5   8.0   8.5   9.0   9.5   10.0   10.5   11.0   11.5   12.0   12.5   13.0   13.5   14.0   14.5   15.0   15.5   16.0   16.5   17.0   17.5   18.0   18.5   19.0   19.5   20.0   20.5   21.0   21.5   22.0   22.5   23.0   23.5   24.0   24.5   
# TSR vector - y axis (matrix rows) (-)
3.0    3.5    4.0    4.5    5.0    5.5    6.0    6.5    7.0    7.5    8.0    8.5    9.0    9.5    10.0    10.5    11.0    11.5    12.0    12.5    13.0    13.5    14.0    14.5    
# Wind speed vector - z axis (m/s)
11.4    

# Power coefficient

0.089542   0.094392   0.099145   0.103788   0.108307   0.112687   0.116914   0.120973   0.124849   0.128528   0.131993   0.135232   0.138228   0.140970   0.143444   0.145640   0.147549   0.149163   0.150476   0.151487   0.152194   0.152598   0.152699   0.152501   0.152006   0.151216   0.150134   0.148764   0.147107   0.145164   0.142938   0.140429   0.137641   0.134574   0.131231   0.127615   0.123732   0.119585   0.115183   0.110531   0.105640   0.100516   0.095171   0.089613   0.083855   0.077908   0.071786   0.065501   0.059069   0.052505   0.045826   0.039049   
0.141508   0.147502   0.153253   0.158739   0.163935   0.168819   0.173367   0.177556   0.181366   0.184778   0.187775   0.190347   0.192486   0.194187   0.195448   0.196272   0.196661   0.196620   0.196153   0.195261   0.193945   0.192207   0.190044   0.187459   0.184452   0.181026   0.177184   0.172932   0.168276   0.163230   0.157805   0.152016   0.145879   0.139411   0.132631   0.125555   0.118202   0.110588   0.102731   0.094646   0.086349   0.077855   0.069180   0.060344   0.051364   0.042264   0.033067   0.023797   0.014484   0.005153   -0.004168   -0.013456   
0.201243   0.207940   0.214159   0.219868   0.225035   0.229637   0.233653   0.237070   0.239881   0.242085   0.243684   0.244683   0.245083   0.244887   0.244090   0.242691   0.240688   0.238079   0.234865   0.231051   0.226641   0.221647   0.216085   0.209975   0.203342   0.196213   0.188617   0.180584   0.172143   0.163323   0.154149   0.144645   0.134834   0.124736   0.114368   0.103747   0.092885   0.081799   0.070506   0.059025   0.047380   0.035595   0.023700   0.011729   -0.000282   -0.012293   -0.024265   -0.036166   -0.047970   -0.059659   -0.071224   -0.082665   
0.265760   0.272384   0.278228   0.283273   0.287506   0.290924   0.293526   0.295314   0.296282   0.296428   0.295747   0.294234   0.291890   0.288718   0.284726   0.279927   0.274343   0.268002   0.260940   0.253195   0.244808   0.235823   0.226282   0.216225   0.205692   0.194717   0.183330   0.171561   0.159435   0.146973   0.134195   0.121115   0.107744   0.094093   0.080174   0.066005   0.051607   0.037005   0.022230   0.007321   -0.007678   -0.022714   -0.037731   -0.052673   -0.067495   -0.082166   -0.096665   -0.110984   -0.125132   -0.139140   -0.153057   -0.166950   
0.330815   0.336457   0.341015   0.344487   0.346868   0.348156   0.348348   0.347445   0.345453   0.342386   0.338265   0.333121   0.326993   0.319925   0.311969   0.303180   0.293608   0.283307   0.272327   0.260718   0.248524   0.235787   0.222544   0.208829   0.194673   0.180102   0.165139   0.149800   0.134094   0.118028   0.101606   0.084836   0.067731   0.050312   0.032606   0.014647   -0.003518   -0.021836   -0.040238   -0.058646   -0.076985   -0.095183   -0.113188   -0.130967   -0.148505   -0.165809   -0.182913   -0.199884   -0.216818   -0.233824   -0.251003   -0.268425   
0.390409   0.394045   0.396296   0.397170   0.396680   0.394854   0.391729   0.387349   0.381766   0.375036   0.367218   0.358374   0.348565   0.337847   0.326276   0.313904   0.300782   0.286955   0.272471   0.257371   0.241693   0.225472   0.208734   0.191506   0.173803   0.155638   0.137012   0.117926   0.098379   0.078378   0.057934   0.037075   0.015833   -0.005745   -0.027599   -0.049652   -0.071812   -0.093979   -0.116050   -0.137931   -0.159554   -0.180879   -0.201893   -0.222612   -0.243094   -0.263449   -0.283817   -0.304352   -0.325193   -0.346445   -0.368156   -0.390331   
0.436626   0.437770   0.437374   0.435482   0.432138   0.427390   0.421299   0.413928   0.405342   0.395600   0.384761   0.372880   0.360010   0.346202   0.331504   0.315963   0.299627   0.282543   0.264751   0.246288   0.227184   0.207465   0.187149   0.166241   0.144739   0.122641   0.099943   0.076648   0.052767   0.028325   0.003364   -0.022062   -0.047880   -0.073994   -0.100287   -0.126634   -0.152904   -0.178971   -0.204730   -0.230122   -0.255123   -0.279750   -0.304072   -0.328233   -0.352418   -0.376824   -0.401649   -0.427058   -0.453144   -0.479933   -0.507386   -0.535379   
0.465313   0.465083   0.463208   0.459716   0.454670   0.448116   0.440105   0.430695   0.419947   0.407918   0.394666   0.380243   0.364700   0.348093   0.330475   0.311902   0.292427   0.272093   0.250937   0.228993   0.206282   0.182812   0.158579   0.133579   0.107808   0.081262   0.053947   0.025883   -0.002888   -0.032308   -0.062296   -0.092743   -0.123509   -0.154441   -0.185382   -0.216167   -0.246641   -0.276694   -0.306276   -0.335380   -0.364067   -0.392490   -0.420877   -0.449473   -0.478531   -0.508301   -0.538975   -0.570636   -0.603289   -0.636835   -0.671032   -0.705510   
0.478834   0.478849   0.477083   0.473468   0.467980   0.460684   0.451635   0.440897   0.428546   0.414655   0.399295   0.382537   0.364452   0.345112   0.324588   0.302942   0.280226   0.256488   0.231761   0.206062   0.179391   0.151742   0.123110   0.093491   0.062884   0.031296   -0.001240   -0.034667   -0.068904   -0.103839   -0.139317   -0.175158   -0.211174   -0.247171   -0.282944   -0.318305   -0.353134   -0.387382   -0.421069   -0.454315   -0.487365   -0.520514   -0.554071   -0.588356   -0.623684   -0.660282   -0.698237   -0.737528   -0.777984   -0.819233   -0.860798   -0.902228   
0.481400   0.482811   0.482247   0.479557   0.474610   0.467357   0.457885   0.446283   0.432655   0.417118   0.399785   0.380762   0.360152   0.338048   0.314533   0.289673   0.263527   0.236132   0.207501   0.177633   0.146524   0.114172   0.080574   0.045729   0.009651   -0.027616   -0.066001   -0.105397   -0.145655   -0.186573   -0.227935   -0.269513   -0.311070   -0.352357   -0.393144   -0.433289   -0.472740   -0.511542   -0.549880   -0.588084   -0.626515   -0.665554   -0.705596   -0.747035   -0.790159   -0.835075   -0.881748   -0.929935   -0.979139   -1.028791   -1.078346   -1.127364   
0.476095   0.479491   0.480789   0.479638   0.475850   0.469260   0.459829   0.447704   0.433036   0.416005   0.396781   0.375517   0.352347   0.327384   0.300720   0.272429   0.242560   0.211128   0.178139   0.143596   0.107500   0.069853   0.030657   -0.010073   -0.052283   -0.095885   -0.140748   -0.186682   -0.233446   -0.280781   -0.328416   -0.376069   -0.423444   -0.470257   -0.516321   -0.561574   -0.606074   -0.650065   -0.693952   -0.738171   -0.783182   -0.829461   -0.877497   -0.927672   -0.980144   -1.034884   -1.091595   -1.149679   -1.208463   -1.267289   -1.325606   -1.383003   
0.465306   0.470609   0.473977   0.474778   0.472519   0.467007   0.458054   0.445718   0.430225   0.411821   0.390749   0.367215   0.341383   0.313390   0.283340   0.251301   0.217305   0.181370   0.143509   0.103732   0.062047   0.018462   -0.027008   -0.074302   -0.123319   -0.173905   -0.225837   -0.278831   -0.332583   -0.386779   -0.441087   -0.495159   -0.548648   -0.601298   -0.653014   -0.703849   -0.754088   -0.804205   -0.854717   -0.906168   -0.959122   -1.014165   -1.071817   -1.132333   -1.195727   -1.261688   -1.329537   -1.398490   -1.467754   -1.536630   -1.604597   -1.671311   
0.451492   0.457916   0.462947   0.465744   0.465327   0.461150   0.453005   0.440745   0.424605   0.404907   0.381979   0.356083   0.327427   0.296167   0.262412   0.226221   0.187636   0.146686   0.103395   0.057782   0.009861   -0.040346   -0.092783   -0.147337   -0.203838   -0.262036   -0.321604   -0.382195   -0.443441   -0.504961   -0.566355   -0.627207   -0.687168   -0.746076   -0.803953   -0.861088   -0.918014   -0.975335   -1.033681   -1.093711   -1.156114   -1.221562   -1.290480   -1.362976   -1.438785   -1.517183   -1.597269   -1.678107   -1.758815   -1.838712   -1.917334   -1.994532   
0.435622   0.442948   0.449017   0.453333   0.454788   0.452161   0.445010   0.433068   0.416428   0.395478   0.370637   0.342240   0.310538   0.275707   0.237857   0.197065   0.153389   0.106874   0.057556   0.005462   -0.049381   -0.106920   -0.167040   -0.229563   -0.294218   -0.360643   -0.428439   -0.497190   -0.566461   -0.635793   -0.704711   -0.772755   -0.839650   -0.905349   -0.970098   -1.034465   -1.099139   -1.164844   -1.232338   -1.302412   -1.375887   -1.453425   -1.535298   -1.621368   -1.710933   -1.802982   -1.896438   -1.990221   -2.083429   -2.175426   -2.265919   -2.354971   
0.417782   0.426162   0.433094   0.438469   0.441402   0.440393   0.434358   0.422899   0.405865   0.383667   0.356814   0.325727   0.290701   0.251931   0.209556   0.163678   0.114374   0.061707   0.005724   -0.053534   -0.116018   -0.181622   -0.250164   -0.321366   -0.394840   -0.470138   -0.546790   -0.624304   -0.702164   -0.779830   -0.856745   -0.932472   -1.006846   -1.080016   -1.152532   -1.225161   -1.298722   -1.374076   -1.452124   -1.533813   -1.620057   -1.711404   -1.807922   -1.909046   -2.013698   -2.120659   -2.228663   -2.336539   -2.443409   -2.548762   -2.652548   -2.754938   
0.397984   0.407603   0.415507   0.421744   0.425760   0.426156   0.421305   0.410388   0.393031   0.369547   0.340540   0.306522   0.267838   0.224727   0.177364   0.125881   0.070379   0.010936   -0.052384   -0.119527   -0.190401   -0.264832   -0.342549   -0.423151   -0.506146   -0.591008   -0.677186   -0.764100   -0.851144   -0.937682   -1.023109   -1.107073   -1.189571   -1.271049   -1.352319   -1.434297   -1.517951   -1.604294   -1.694397   -1.789370   -1.890130   -1.997053   -2.109849   -2.227485   -2.348609   -2.471793   -2.595595   -2.718814   -2.840646   -2.960812   -3.079431   -3.196734   
0.376229   0.387272   0.396305   0.403410   0.408340   0.409769   0.406030   0.395649   0.377980   0.353136   0.321788   0.284551   0.241841   0.193957   0.141115   0.083481   0.021177   -0.045698   -0.117071   -0.192857   -0.272905   -0.356960   -0.444629   -0.535387   -0.628649   -0.723803   -0.820203   -0.917173   -1.014006   -1.109970   -1.204471   -1.297286   -1.388669   -1.479387   -1.570447   -1.662922   -1.757945   -1.856709   -1.960473   -2.070489   -2.187577   -2.311848   -2.442518   -2.578169   -2.717210   -2.857988   -2.998928   -3.138849   -3.277116   -3.413688   -3.548775   -3.682658   
0.352513   0.365171   0.375499   0.383579   0.389315   0.391565   0.388657   0.378754   0.360731   0.334409   0.300493   0.259716   0.212590   0.159476   0.100639   0.036274   -0.033472   -0.108485   -0.188673   -0.273909   -0.363962   -0.458465   -0.556885   -0.658585   -0.762886   -0.869077   -0.976410   -1.084103   -1.191332   -1.297294   -1.401467   -1.503828   -1.604964   -1.705913   -1.807858   -1.912048   -2.019805   -2.132523   -2.251667   -2.378555   -2.513833   -2.657202   -2.807365   -2.962598   -3.121063   -3.280876   -3.440391   -3.598507   -3.754836   -3.909501   -4.062781   -4.215006   
0.326826   0.341284   0.353068   0.362236   0.368746   0.371705   0.369303   0.359751   0.341265   0.313314   0.276573   0.231915   0.179958   0.121130   0.055743   -0.015975   -0.093854   -0.177765   -0.267584   -0.363116   -0.464029   -0.569814   -0.679802   -0.793250   -0.909376   -1.027361   -1.146343   -1.265422   -1.383658   -1.500222   -1.614724   -1.727428   -1.839263   -1.951493   -2.065488   -2.182695   -2.304643   -2.432948   -2.569280   -2.714938   -2.870294   -3.034506   -3.205841   -3.382289   -3.561744   -3.742116   -3.921744   -4.099692   -4.275819   -4.450358   -4.623649   -4.796068   
0.299151   0.315583   0.328973   0.339335   0.346637   0.350221   0.348095   0.338651   0.319544   0.289783   0.249938   0.201032   0.143795   0.078729   0.006193   -0.073552   -0.160309   -0.253922   -0.354218   -0.460913   -0.573545   -0.691453   -0.813840   -0.939852   -1.068597   -1.199137   -1.330491   -1.461630   -1.591508   -1.719325   -1.844896   -1.968833   -2.092377   -2.217003   -2.344285   -2.475887   -2.613570   -2.759194   -2.914607   -3.080995   -3.258317   -3.445157   -3.639407   -3.838767   -4.040844   -4.243386   -4.444775   -4.644323   -4.842078   -5.038361   -5.233573   -5.428110   
0.269484   0.288035   0.303168   0.314832   0.322972   0.327107   0.325101   0.315444   0.295519   0.263733   0.220474   0.166915   0.103908   0.032033   -0.048298   -0.136782   -0.233193   -0.337338   -0.448974   -0.567703   -0.692912   -0.823788   -0.959411   -1.098815   -1.240987   -1.384864   -1.529333   -1.673228   -1.815422   -1.955204   -2.092670   -2.228805   -2.365125   -2.503324   -2.645199   -2.792653   -2.947702   -3.112473   -3.288933   -3.478055   -3.679244   -3.890555   -4.109531   -4.333561   -4.559961   -4.786371   -5.011298   -5.234313   -5.455617   -5.675607   -5.894731   -6.113362   
0.237889   0.258618   0.275620   0.288682   0.297707   0.302319   0.300293   0.290104   0.269113   0.235044   0.188023   0.129366   0.060059   -0.019228   -0.108024   -0.205984   -0.312845   -0.428362   -0.552202   -0.683831   -0.822478   -0.967181   -1.116902   -1.270552   -1.426987   -1.585009   -1.743361   -1.900738   -2.055966   -2.208492   -2.358758   -2.508112   -2.658331   -2.811340   -2.969183   -3.134023   -3.308156   -3.493992   -3.693536   -3.907419   -4.134415   -4.372104   -4.617682   -4.868201   -5.120701   -5.372774   -5.623125   -5.871572   -6.118434   -6.364179   -6.609269   -6.854024   
0.204630   0.227339   0.246294   0.260834   0.270773   0.275794   0.273598   0.262572   0.240204   0.203550   0.152386   0.088160   0.012006   -0.075313   -0.173260   -0.281442   -0.399554   -0.527289   -0.664202   -0.809609   -0.962571   -1.121992   -1.286703   -1.455484   -1.627049   -1.800053   -1.973084   -2.144700   -2.313726   -2.479843   -2.643878   -2.807526   -2.972820   -3.141938   -3.317191   -3.501029   -3.696055   -3.904954   -4.129679   -4.370370   -4.625166   -4.891205   -5.165322   -5.444213   -5.724668   -6.004300   -6.282068   -6.558000   -6.832520   -7.106141   -7.379314   -7.652283   
0.170014   0.194261   0.215147   0.231216   0.242075   0.247424   0.244887   0.232742   0.208639   0.169066   0.113364   0.043087   -0.040470   -0.136444   -0.244231   -0.363392   -0.493571   -0.634384   -0.785257   -0.945341   -1.113532   -1.288593   -1.469221   -1.654049   -1.841640   -2.030491   -2.219022   -2.405666   -2.589308   -2.769925   -2.948755   -3.127822   -3.309422   -3.496007   -3.690179   -3.894700   -4.112517   -4.346554   -4.598597   -4.868178   -5.152826   -5.449253   -5.753910   -6.063120   -6.373468   -6.682659   -6.989934   -7.295496   -7.599855   -7.903549   -8.206988   -8.510317   


#  Thrust coefficient

0.230643   0.231358   0.231931   0.232351   0.232612   0.232705   0.232628   0.232377   0.231951   0.231351   0.230577   0.229632   0.228519   0.227241   0.225800   0.224201   0.222444   0.220532   0.218464   0.216241   0.213859   0.211318   0.208613   0.205741   0.202697   0.199477   0.196078   0.192496   0.188726   0.184765   0.180610   0.176259   0.171707   0.166954   0.161997   0.156838   0.151476   0.145914   0.140157   0.134208   0.128076   0.121770   0.115297   0.108671   0.101904   0.095011   0.088004   0.080900   0.073712   0.066457   0.059148   0.051800   
0.296203   0.296020   0.295605   0.294960   0.294088   0.292995   0.291684   0.290160   0.288427   0.286486   0.284340   0.281988   0.279428   0.276656   0.273666   0.270453   0.267010   0.263329   0.259404   0.255226   0.250787   0.246079   0.241095   0.235826   0.230268   0.224416   0.218268   0.211822   0.205081   0.198048   0.190729   0.183133   0.175270   0.167155   0.158803   0.150230   0.141455   0.132496   0.123372   0.114104   0.104710   0.095210   0.085625   0.075973   0.066273   0.056545   0.046806   0.037075   0.027369   0.017705   0.008101   -0.001426   
0.365790   0.364336   0.362614   0.360628   0.358382   0.355875   0.353102   0.350059   0.346738   0.343129   0.339221   0.335002   0.330459   0.325576   0.320338   0.314728   0.308734   0.302342   0.295543   0.288332   0.280705   0.272664   0.264214   0.255364   0.246128   0.236523   0.226568   0.216285   0.205698   0.194829   0.183702   0.172342   0.160772   0.149017   0.137101   0.125048   0.112882   0.100625   0.088300   0.075930   0.063535   0.051137   0.038756   0.026414   0.014131   0.001928   -0.010174   -0.022153   -0.033986   -0.045651   -0.057122   -0.068373   
0.439133   0.436226   0.432985   0.429399   0.425455   0.421133   0.416414   0.411271   0.405680   0.399616   0.393053   0.385971   0.378353   0.370186   0.361466   0.352191   0.342369   0.332015   0.321149   0.309796   0.297982   0.285737   0.273090   0.260072   0.246710   0.233036   0.219077   0.204863   0.190422   0.175779   0.160963   0.145997   0.130909   0.115722   0.100463   0.085156   0.069825   0.054496   0.039194   0.023943   0.008770   -0.006301   -0.021244   -0.036035   -0.050647   -0.065052   -0.079223   -0.093129   -0.106738   -0.120013   -0.132916   -0.145406   
0.515949   0.511128   0.505787   0.499888   0.493396   0.486276   0.478500   0.470044   0.460890   0.451032   0.440469   0.429215   0.417290   0.404722   0.391546   0.377796   0.363510   0.348724   0.333475   0.317797   0.301725   0.285291   0.268528   0.251465   0.234132   0.216556   0.198765   0.180787   0.162649   0.144378   0.126005   0.107555   0.089060   0.070548   0.052049   0.033592   0.015208   -0.003074   -0.021225   -0.039216   -0.057016   -0.074596   -0.091924   -0.108964   -0.125683   -0.142040   -0.157993   -0.173496   -0.188499   -0.202945   -0.216777   -0.229933   
0.593260   0.585351   0.576632   0.567079   0.556674   0.545416   0.533315   0.520390   0.506672   0.492198   0.477009   0.461149   0.444661   0.427588   0.409969   0.391842   0.373245   0.354211   0.334772   0.314961   0.294807   0.274340   0.253589   0.232585   0.211355   0.189932   0.168346   0.146628   0.124813   0.102934   0.081024   0.059118   0.037249   0.015452   -0.006239   -0.027789   -0.049165   -0.070332   -0.091255   -0.111896   -0.132217   -0.152177   -0.171732   -0.190834   -0.209431   -0.227464   -0.244872   -0.261584   -0.277528   -0.292629   -0.306810   -0.319994   
0.664357   0.652221   0.639129   0.625100   0.610157   0.594331   0.577662   0.560201   0.541995   0.523087   0.503521   0.483335   0.462569   0.441256   0.419431   0.397128   0.374378   0.351214   0.327666   0.303767   0.279547   0.255041   0.230281   0.205302   0.180140   0.154832   0.129415   0.103927   0.078407   0.052893   0.027426   0.002044   -0.023213   -0.048304   -0.073190   -0.097830   -0.122182   -0.146202   -0.169844   -0.193061   -0.215800   -0.238004   -0.259612   -0.280555   -0.300758   -0.320141   -0.338617   -0.356096   -0.372485   -0.387691   -0.401625   -0.414204   
0.724510   0.708263   0.691047   0.672882   0.653818   0.633889   0.613133   0.591589   0.569300   0.546307   0.522648   0.498359   0.473477   0.448037   0.422074   0.395623   0.368718   0.341397   0.313695   0.285649   0.257298   0.228679   0.199835   0.170806   0.141634   0.112364   0.083039   0.053705   0.024406   -0.004813   -0.033903   -0.062820   -0.091516   -0.119944   -0.148053   -0.175794   -0.203114   -0.229957   -0.256263   -0.281969   -0.307004   -0.331291   -0.354745   -0.377275   -0.398780   -0.419156   -0.438294   -0.456084   -0.472416   -0.487190   -0.500316   -0.511721   
0.774241   0.754635   0.734084   0.712547   0.690012   0.666521   0.642111   0.616821   0.590699   0.563796   0.536159   0.507833   0.478861   0.449286   0.419151   0.388497   0.357367   0.325805   0.293854   0.261559   0.228967   0.196126   0.163082   0.129887   0.096591   0.063244   0.029900   -0.003389   -0.036569   -0.069587   -0.102388   -0.134916   -0.167115   -0.198926   -0.230290   -0.261143   -0.291419   -0.321049   -0.349954   -0.378051   -0.405246   -0.431437   -0.456514   -0.480360   -0.502851   -0.523855   -0.543242   -0.560890   -0.576686   -0.590541   -0.602385   -0.612175   
0.816056   0.793664   0.770348   0.745994   0.720509   0.693856   0.666088   0.637264   0.607448   0.576715   0.545132   0.512762   0.479663   0.445890   0.411499   0.376542   0.341074   0.305147   0.268816   0.232137   0.195165   0.157959   0.120575   0.083073   0.045513   0.007955   -0.029539   -0.066906   -0.104082   -0.141005   -0.177610   -0.213830   -0.249597   -0.284841   -0.319490   -0.353467   -0.386690   -0.419068   -0.450503   -0.480883   -0.510090   -0.537996   -0.564464   -0.589350   -0.612500   -0.633767   -0.653012   -0.670114   -0.684983   -0.697553   -0.707781   -0.715659   
0.852088   0.827135   0.801355   0.774479   0.746361   0.716878   0.685992   0.653794   0.620373   0.585840   0.550296   0.513832   0.476527   0.438457   0.399692   0.360302   0.320353   0.279913   0.239049   0.197828   0.156318   0.114587   0.072702   0.030736   -0.011241   -0.053156   -0.094938   -0.136512   -0.177805   -0.218743   -0.259249   -0.299245   -0.338651   -0.377384   -0.415356   -0.452473   -0.488631   -0.523715   -0.557599   -0.590146   -0.621213   -0.650646   -0.678277   -0.703934   -0.727444   -0.748652   -0.767426   -0.783672   -0.797324   -0.808338   -0.816704   -0.822461   
0.884072   0.856408   0.828173   0.798952   0.768360   0.736245   0.702456   0.667011   0.630048   0.591715   0.552167   0.511530   0.469915   0.427423   0.384145   0.340170   0.295582   0.250464   0.204896   0.158960   0.112736   0.066306   0.019752   -0.026842   -0.073394   -0.119818   -0.166031   -0.211949   -0.257485   -0.302554   -0.347065   -0.390929   -0.434052   -0.476335   -0.517670   -0.557941   -0.597018   -0.634760   -0.671019   -0.705633   -0.738429   -0.769219   -0.797803   -0.823985   -0.847586   -0.868462   -0.886510   -0.901662   -0.913869   -0.923113   -0.929432   -0.932922   
0.913800   0.882803   0.851760   0.820103   0.787150   0.752481   0.715931   0.677355   0.636893   0.594745   0.551127   0.506220   0.460173   0.413117   0.365170   0.316444   0.267042   0.217065   0.166610   0.115774   0.064654   0.013347   -0.038052   -0.089444   -0.140733   -0.191823   -0.242618   -0.293021   -0.342933   -0.392255   -0.440883   -0.488714   -0.535637   -0.581533   -0.626274   -0.669719   -0.711714   -0.752094   -0.790679   -0.827279   -0.861682   -0.893661   -0.922992   -0.949471   -0.972933   -0.993264   -1.010387   -1.024243   -1.034798   -1.042082   -1.046191   -1.047313   
0.942211   0.907520   0.873105   0.838603   0.803211   0.766042   0.726771   0.685159   0.641230   0.595237   0.547472   0.498181   0.447563   0.395787   0.343003   0.289346   0.234945   0.179919   0.124386   0.068461   0.012259   -0.044109   -0.100531   -0.156894   -0.213091   -0.269010   -0.324544   -0.379580   -0.434008   -0.487712   -0.540578   -0.592484   -0.643303   -0.692896   -0.741108   -0.787771   -0.832703   -0.875710   -0.916578   -0.955077   -0.990955   -1.023954   -1.053840   -1.080417   -1.103552   -1.123153   -1.139152   -1.151497   -1.160200   -1.165351   -1.167139   -1.165852   
0.969633   0.931110   0.892990   0.855185   0.816995   0.777281   0.735286   0.690685   0.643308   0.593431   0.541427   0.487627   0.432289   0.375626   0.317824   0.259050   0.199456   0.139187   0.078383   0.017177   -0.044299   -0.105915   -0.167544   -0.229060   -0.290339   -0.351258   -0.411694   -0.471522   -0.530617   -0.588852   -0.646096   -0.702211   -0.757045   -0.810432   -0.862190   -0.912120   -0.960011   -1.005630   -1.048727   -1.089028   -1.126239   -1.160087   -1.190340   -1.216833   -1.239461   -1.258143   -1.272814   -1.283455   -1.290138   -1.293041   -1.292457   -1.288754   
0.996282   0.953806   0.911825   0.870377   0.828987   0.786502   0.741748   0.694137   0.643325   0.589515   0.533172   0.474727   0.414509   0.352783   0.289779   0.225694   0.160713   0.095004   0.028730   -0.037954   -0.104898   -0.171955   -0.238982   -0.305838   -0.372385   -0.438487   -0.504005   -0.568804   -0.632743   -0.695679   -0.757462   -0.817929   -0.876901   -0.934182   -0.989559   -1.042801   -1.093660   -1.141862   -1.187112   -1.229089   -1.267475   -1.301996   -1.332446   -1.358697   -1.380652   -1.398234   -1.411393   -1.420168   -1.424708   -1.425299   -1.422324   -1.416224   
1.022317   0.975755   0.929786   0.884483   0.839603   0.793999   0.746368   0.695695   0.641436   0.583640   0.522849   0.459616   0.394352   0.327385   0.258988   0.189399   0.118831   0.047481   -0.024464   -0.096829   -0.169444   -0.242144   -0.314771   -0.387169   -0.459189   -0.530677   -0.601483   -0.671452   -0.740427   -0.808243   -0.874728   -0.939688   -1.002915   -1.064180   -1.123235   -1.179812   -1.233621   -1.284349   -1.331652   -1.375172   -1.414582   -1.449626   -1.480138   -1.506004   -1.527128   -1.543440   -1.554931   -1.561710   -1.564032   -1.562284   -1.556929   -1.548481   
1.047848   0.997069   0.946993   0.897698   0.849069   0.800083   0.749326   0.695514   0.637775   0.575928   0.510578   0.442409   0.371931   0.299539   0.225557   0.150264   0.073905   -0.003292   -0.081119   -0.159376   -0.237876   -0.316437   -0.394887   -0.473055   -0.550772   -0.627870   -0.704178   -0.779522   -0.853724   -0.926595   -0.997933   -1.067513   -1.135092   -1.200407   -1.263175   -1.323089   -1.379821   -1.433010   -1.482266   -1.527206   -1.567511   -1.602961   -1.633414   -1.658759   -1.678902   -1.693796   -1.703493   -1.708195   -1.708264   -1.704175   -1.696470   -1.685738   
1.072955   1.017836   0.963530   0.910118   0.857540   0.804971   0.750801   0.693739   0.632453   0.566491   0.496464   0.423208   0.347343   0.269338   0.189573   0.108369   0.026009   -0.057253   -0.141183   -0.225563   -0.310185   -0.394849   -0.479364   -0.563539   -0.647188   -0.730119   -0.812140   -0.893056   -0.972664   -1.050745   -1.127066   -1.201370   -1.273381   -1.342802   -1.409312   -1.472568   -1.532194   -1.587781   -1.638894   -1.685145   -1.726242   -1.762000   -1.792282   -1.816981   -1.836014   -1.849372   -1.857185   -1.859760   -1.857558   -1.851139   -1.841125   -1.828172   
1.097693   1.038120   0.979466   0.921814   0.865132   0.808796   0.750983   0.690490   0.625571   0.555422   0.480599   0.402099   0.320668   0.236856   0.151102   0.063773   -0.024815   -0.114380   -0.204660   -0.295413   -0.386408   -0.477426   -0.568252   -0.658674   -0.748480   -0.837456   -0.925387   -1.012054   -1.097225   -1.180655   -1.262077   -1.341204   -1.417727   -1.491311   -1.561598   -1.628200   -1.690692   -1.748610   -1.801494   -1.848968   -1.890779   -1.926758   -1.956775   -1.980720   -1.998533   -2.010259   -2.016123   -2.016536   -2.012053   -2.003323   -1.991049   -1.975932   
1.122089   1.057978   0.994859   0.932850   0.871937   0.811663   0.750032   0.685875   0.617222   0.542808   0.463062   0.379155   0.291970   0.202145   0.110181   0.016488   -0.078577   -0.174699   -0.271587   -0.368971   -0.466596   -0.564216   -0.661590   -0.758481   -0.854653   -0.949870   -1.043891   -1.136473   -1.227359   -1.316274   -1.402919   -1.486973   -1.568089   -1.645897   -1.719994   -1.789946   -1.855272   -1.915461   -1.970047   -2.018684   -2.061150   -2.097281   -2.126945   -2.150039   -2.166534   -2.176550   -2.180412   -2.178636   -2.171876   -2.160866   -2.146380   -2.129121   
1.146094   1.077452   1.009762   0.943282   0.878024   0.813651   0.748047   0.680001   0.607492   0.528718   0.443916   0.354427   0.261283   0.165217   0.066797   -0.033512   -0.135314   -0.238254   -0.342009   -0.446278   -0.550775   -0.655228   -0.759370   -0.862939   -0.965674   -1.067317   -1.167606   -1.266272   -1.363029   -1.457569   -1.549559   -1.638643   -1.724436   -1.806528   -1.884469   -1.957774   -2.025905   -2.088322   -2.144567   -2.194331   -2.237403   -2.273620   -2.302848   -2.324998   -2.340089   -2.348329   -2.350149   -2.346169   -2.337139   -2.323878   -2.307207   -2.287798   
1.169468   1.096556   1.024222   0.953163   0.883446   0.814834   0.745110   0.672968   0.596452   0.513206   0.423194   0.327924   0.228594   0.126045   0.020916   -0.086270   -0.195067   -0.305079   -0.415947   -0.527337   -0.638934   -0.750438   -0.861558   -0.972006   -1.081502   -1.189762   -1.296501   -1.401421   -1.504204   -1.604510   -1.701969   -1.796187   -1.886744   -1.973181   -2.055004   -2.131670   -2.202592   -2.267211   -2.325092   -2.375953   -2.419586   -2.455825   -2.484536   -2.505656   -2.519268   -2.525677   -2.525418   -2.519220   -2.507928   -2.492434   -2.473580   -2.451985   
1.191954   1.115241   1.038276   0.962537   0.888253   0.815267   0.741278   0.664861   0.584147   0.496284   0.400888   0.299623   0.193872   0.084590   -0.027500   -0.141813   -0.257849   -0.375172   -0.493384   -0.612119   -0.731036   -0.849807   -0.968116   -1.085652   -1.202109   -1.317180   -1.430551   -1.541896   -1.650862   -1.757074   -1.860127   -1.959590   -2.054999   -2.145850   -2.231598   -2.311642   -2.385350   -2.452158   -2.511664   -2.563595   -2.607743   -2.643939   -2.672056   -2.692067   -2.704131   -2.708652   -2.706279   -2.697851   -2.684301   -2.666586   -2.645534   -2.621695   


# Torque coefficient

0.029876   0.031494   0.033080   0.034629   0.036137   0.037598   0.039008   0.040363   0.041656   0.042883   0.044040   0.045120   0.046120   0.047035   0.047860   0.048593   0.049230   0.049768   0.050207   0.050544   0.050780   0.050914   0.050948   0.050882   0.050717   0.050453   0.050092   0.049635   0.049082   0.048434   0.047691   0.046854   0.045924   0.044901   0.043785   0.042579   0.041283   0.039900   0.038431   0.036879   0.035247   0.033537   0.031754   0.029899   0.027978   0.025994   0.023951   0.021854   0.019708   0.017518   0.015290   0.013029   
0.040469   0.042184   0.043828   0.045397   0.046883   0.048280   0.049581   0.050779   0.051868   0.052844   0.053701   0.054437   0.055048   0.055535   0.055895   0.056131   0.056242   0.056231   0.056097   0.055842   0.055466   0.054968   0.054350   0.053611   0.052751   0.051771   0.050672   0.049456   0.048125   0.046682   0.045130   0.043474   0.041719   0.039870   0.037931   0.035907   0.033804   0.031627   0.029380   0.027068   0.024695   0.022265   0.019785   0.017257   0.014690   0.012087   0.009457   0.006806   0.004142   0.001474   -0.001192   -0.003848   
0.050359   0.052034   0.053591   0.055019   0.056312   0.057464   0.058469   0.059324   0.060027   0.060579   0.060979   0.061229   0.061329   0.061280   0.061081   0.060731   0.060229   0.059576   0.058772   0.057818   0.056714   0.055465   0.054073   0.052544   0.050884   0.049100   0.047199   0.045189   0.043077   0.040870   0.038574   0.036196   0.033741   0.031214   0.028619   0.025961   0.023243   0.020469   0.017643   0.014770   0.011856   0.008907   0.005931   0.002935   -0.000071   -0.003076   -0.006072   -0.009050   -0.012004   -0.014929   -0.017823   -0.020686   
0.059114   0.060587   0.061887   0.063009   0.063951   0.064711   0.065290   0.065688   0.065903   0.065936   0.065784   0.065448   0.064926   0.064221   0.063333   0.062265   0.061023   0.059613   0.058042   0.056319   0.054454   0.052455   0.050333   0.048096   0.045753   0.043312   0.040779   0.038161   0.035464   0.032692   0.029850   0.026940   0.023966   0.020929   0.017833   0.014682   0.011479   0.008231   0.004945   0.001628   -0.001708   -0.005052   -0.008393   -0.011716   -0.015013   -0.018277   -0.021501   -0.024686   -0.027834   -0.030949   -0.034045   -0.037135   
0.066226   0.067355   0.068268   0.068963   0.069440   0.069698   0.069736   0.069555   0.069156   0.068542   0.067717   0.066688   0.065461   0.064046   0.062453   0.060694   0.058778   0.056715   0.054517   0.052193   0.049752   0.047202   0.044551   0.041806   0.038972   0.036055   0.033059   0.029988   0.026844   0.023628   0.020341   0.016983   0.013559   0.010072   0.006527   0.002932   -0.000704   -0.004371   -0.008055   -0.011740   -0.015412   -0.019055   -0.022659   -0.026218   -0.029729   -0.033193   -0.036617   -0.040015   -0.043405   -0.046809   -0.050248   -0.053736   
0.071051   0.071713   0.072122   0.072282   0.072192   0.071860   0.071291   0.070494   0.069478   0.068253   0.066830   0.065221   0.063436   0.061485   0.059379   0.057128   0.054740   0.052223   0.049587   0.046839   0.043986   0.041034   0.037988   0.034852   0.031631   0.028325   0.024935   0.021461   0.017904   0.014264   0.010544   0.006747   0.002881   -0.001046   -0.005023   -0.009036   -0.013069   -0.017103   -0.021120   -0.025102   -0.029037   -0.032918   -0.036743   -0.040513   -0.044241   -0.047945   -0.051652   -0.055389   -0.059182   -0.063050   -0.067001   -0.071037   
0.072840   0.073031   0.072965   0.072649   0.072092   0.071300   0.070283   0.069054   0.067621   0.065996   0.064188   0.062206   0.060059   0.057755   0.055303   0.052711   0.049985   0.047135   0.044167   0.041087   0.037900   0.034611   0.031221   0.027733   0.024146   0.020460   0.016673   0.012787   0.008803   0.004725   0.000561   -0.003680   -0.007988   -0.012344   -0.016730   -0.021126   -0.025508   -0.029857   -0.034154   -0.038390   -0.042561   -0.046669   -0.050727   -0.054758   -0.058792   -0.062864   -0.067005   -0.071244   -0.075596   -0.080065   -0.084645   -0.089315   
0.071655   0.071619   0.071331   0.070793   0.070016   0.069007   0.067773   0.066324   0.064669   0.062816   0.060776   0.058555   0.056161   0.053604   0.050891   0.048031   0.045032   0.041900   0.038643   0.035263   0.031766   0.028152   0.024420   0.020570   0.016602   0.012514   0.008307   0.003986   -0.000445   -0.004975   -0.009593   -0.014282   -0.019019   -0.023783   -0.028547   -0.033288   -0.037981   -0.042609   -0.047164   -0.051646   -0.056064   -0.060441   -0.064812   -0.069216   -0.073690   -0.078275   -0.082998   -0.087874   -0.092902   -0.098068   -0.103334   -0.108643   
0.068470   0.068472   0.068220   0.067703   0.066918   0.065875   0.064581   0.063045   0.061279   0.059293   0.057096   0.054700   0.052114   0.049349   0.046414   0.043319   0.040070   0.036676   0.033140   0.029465   0.025652   0.021698   0.017604   0.013369   0.008992   0.004475   -0.000177   -0.004957   -0.009853   -0.014848   -0.019921   -0.025046   -0.030196   -0.035344   -0.040459   -0.045516   -0.050496   -0.055393   -0.060210   -0.064964   -0.069690   -0.074430   -0.079228   -0.084131   -0.089183   -0.094416   -0.099843   -0.105461   -0.111246   -0.117145   -0.123088   -0.129012   
0.064248   0.064436   0.064361   0.064002   0.063342   0.062374   0.061110   0.059561   0.057742   0.055669   0.053355   0.050817   0.048066   0.045116   0.041978   0.038660   0.035170   0.031514   0.027693   0.023707   0.019555   0.015237   0.010753   0.006103   0.001288   -0.003686   -0.008809   -0.014066   -0.019439   -0.024900   -0.030420   -0.035969   -0.041515   -0.047026   -0.052469   -0.057827   -0.063092   -0.068271   -0.073387   -0.078486   -0.083615   -0.088825   -0.094169   -0.099700   -0.105455   -0.111449   -0.117678   -0.124109   -0.130676   -0.137303   -0.143916   -0.150458   
0.059569   0.059994   0.060156   0.060012   0.059538   0.058713   0.057533   0.056016   0.054181   0.052050   0.049645   0.046984   0.044085   0.040962   0.037626   0.034086   0.030349   0.026416   0.022289   0.017967   0.013450   0.008740   0.003836   -0.001260   -0.006542   -0.011997   -0.017610   -0.023358   -0.029209   -0.035131   -0.041091   -0.047053   -0.052981   -0.058838   -0.064602   -0.070264   -0.075831   -0.081336   -0.086827   -0.092359   -0.097991   -0.103781   -0.109792   -0.116070   -0.122635   -0.129484   -0.136579   -0.143847   -0.151202   -0.158562   -0.165859   -0.173040   
0.054794   0.055419   0.055815   0.055909   0.055643   0.054994   0.053940   0.052487   0.050663   0.048496   0.046014   0.043243   0.040201   0.036905   0.033366   0.029593   0.025590   0.021358   0.016900   0.012215   0.007307   0.002174   -0.003180   -0.008750   -0.014522   -0.020479   -0.026594   -0.032835   -0.039165   -0.045547   -0.051942   -0.058310   -0.064608   -0.070808   -0.076898   -0.082885   -0.088801   -0.094702   -0.100651   -0.106710   -0.112945   -0.119427   -0.126216   -0.133343   -0.140808   -0.148575   -0.156565   -0.164685   -0.172841   -0.180952   -0.188956   -0.196812   
0.050214   0.050928   0.051488   0.051799   0.051752   0.051288   0.050382   0.049018   0.047223   0.045033   0.042483   0.039603   0.036415   0.032939   0.029185   0.025160   0.020868   0.016314   0.011499   0.006426   0.001097   -0.004487   -0.010319   -0.016386   -0.022670   -0.029143   -0.035768   -0.042507   -0.049318   -0.056160   -0.062988   -0.069756   -0.076425   -0.082976   -0.089413   -0.095768   -0.102099   -0.108474   -0.114963   -0.121639   -0.128579   -0.135858   -0.143523   -0.151586   -0.160017   -0.168737   -0.177643   -0.186634   -0.195610   -0.204496   -0.213240   -0.221826   
0.045899   0.046671   0.047310   0.047765   0.047918   0.047641   0.046888   0.045630   0.043876   0.041669   0.039052   0.036060   0.032719   0.029049   0.025061   0.020763   0.016162   0.011261   0.006064   0.000575   -0.005203   -0.011265   -0.017600   -0.024188   -0.031000   -0.037999   -0.045142   -0.052386   -0.059684   -0.066989   -0.074251   -0.081420   -0.088468   -0.095391   -0.102213   -0.108995   -0.115809   -0.122732   -0.129843   -0.137227   -0.144968   -0.153138   -0.161764   -0.170833   -0.180270   -0.189968   -0.199815   -0.209696   -0.219517   -0.229210   -0.238745   -0.248128   
0.041818   0.042657   0.043351   0.043889   0.044182   0.044081   0.043477   0.042330   0.040625   0.038403   0.035715   0.032604   0.029098   0.025217   0.020976   0.016383   0.011448   0.006177   0.000573   -0.005358   -0.011613   -0.018179   -0.025040   -0.032167   -0.039522   -0.047059   -0.054731   -0.062490   -0.070283   -0.078057   -0.085756   -0.093336   -0.100781   -0.108104   -0.115363   -0.122633   -0.129996   -0.137539   -0.145351   -0.153527   -0.162160   -0.171303   -0.180964   -0.191086   -0.201562   -0.212268   -0.223079   -0.233876   -0.244574   -0.255119   -0.265508   -0.275756   
0.037939   0.038856   0.039610   0.040204   0.040587   0.040625   0.040163   0.039122   0.037467   0.035228   0.032463   0.029220   0.025533   0.021423   0.016908   0.012000   0.006709   0.001043   -0.004994   -0.011394   -0.018151   -0.025246   -0.032655   -0.040338   -0.048250   -0.056340   -0.064555   -0.072841   -0.081139   -0.089388   -0.097532   -0.105536   -0.113400   -0.121168   -0.128915   -0.136730   -0.144704   -0.152936   -0.161525   -0.170579   -0.180184   -0.190377   -0.201129   -0.212344   -0.223890   -0.235633   -0.247435   -0.259181   -0.270795   -0.282251   -0.293559   -0.304741   
0.034235   0.035240   0.036062   0.036709   0.037157   0.037287   0.036947   0.036002   0.034395   0.032134   0.029281   0.025893   0.022007   0.017649   0.012841   0.007596   0.001927   -0.004158   -0.010653   -0.017549   -0.024833   -0.032482   -0.040459   -0.048718   -0.057204   -0.065863   -0.074635   -0.083459   -0.092270   -0.101003   -0.109602   -0.118047   -0.126363   -0.134618   -0.142904   -0.151319   -0.159965   -0.168953   -0.178395   -0.188406   -0.199060   -0.210368   -0.222259   -0.234602   -0.247254   -0.260065   -0.272890   -0.285622   -0.298203   -0.310631   -0.322923   -0.335106   
0.030683   0.031784   0.032683   0.033386   0.033886   0.034082   0.033828   0.032966   0.031398   0.029107   0.026155   0.022606   0.018504   0.013881   0.008760   0.003157   -0.002913   -0.009442   -0.016422   -0.023841   -0.031679   -0.039905   -0.048471   -0.057323   -0.066401   -0.075644   -0.084986   -0.094360   -0.103693   -0.112916   -0.121983   -0.130892   -0.139695   -0.148482   -0.157355   -0.166423   -0.175803   -0.185613   -0.195984   -0.207028   -0.218802   -0.231281   -0.244351   -0.257863   -0.271655   -0.285565   -0.299449   -0.313212   -0.326819   -0.340280   -0.353622   -0.366871   
0.027261   0.028467   0.029450   0.030215   0.030758   0.031005   0.030805   0.030008   0.028466   0.026134   0.023070   0.019345   0.015011   0.010104   0.004650   -0.001332   -0.007829   -0.014828   -0.022320   -0.030288   -0.038706   -0.047530   -0.056704   -0.066167   -0.075854   -0.085695   -0.095620   -0.105552   -0.115415   -0.125138   -0.134689   -0.144089   -0.153418   -0.162779   -0.172288   -0.182064   -0.192237   -0.202939   -0.214311   -0.226460   -0.239419   -0.253116   -0.267408   -0.282126   -0.297095   -0.312140   -0.327123   -0.341966   -0.356658   -0.371216   -0.385671   -0.400053   
0.023955   0.025271   0.026343   0.027173   0.027757   0.028044   0.027874   0.027118   0.025588   0.023205   0.020014   0.016098   0.011515   0.006304   0.000496   -0.005890   -0.012837   -0.020333   -0.028364   -0.036908   -0.045927   -0.055369   -0.065169   -0.075260   -0.085569   -0.096022   -0.106541   -0.117042   -0.127442   -0.137677   -0.147732   -0.157657   -0.167550   -0.177529   -0.187721   -0.198260   -0.209285   -0.220946   -0.233391   -0.246714   -0.260914   -0.275875   -0.291430   -0.307394   -0.323575   -0.339794   -0.355921   -0.371900   -0.387735   -0.403453   -0.419085   -0.434662   
0.020749   0.022178   0.023343   0.024241   0.024868   0.025186   0.025032   0.024288   0.022754   0.020306   0.016976   0.012852   0.008001   0.002466   -0.003719   -0.010532   -0.017955   -0.025974   -0.034569   -0.043711   -0.053352   -0.063429   -0.073871   -0.084605   -0.095551   -0.106630   -0.117753   -0.128832   -0.139781   -0.150544   -0.161128   -0.171610   -0.182106   -0.192747   -0.203671   -0.215024   -0.226962   -0.239649   -0.253236   -0.267798   -0.283288   -0.299559   -0.316419   -0.333668   -0.351100   -0.368533   -0.385852   -0.403023   -0.420063   -0.437001   -0.453873   -0.470707   
0.017638   0.019175   0.020436   0.021404   0.022073   0.022415   0.022265   0.021510   0.019953   0.017427   0.013941   0.009592   0.004453   -0.001426   -0.008009   -0.015273   -0.023196   -0.031761   -0.040943   -0.050702   -0.060982   -0.071711   -0.082812   -0.094205   -0.105803   -0.117520   -0.129261   -0.140930   -0.152439   -0.163748   -0.174889   -0.185963   -0.197101   -0.208446   -0.220149   -0.232371   -0.245282   -0.259061   -0.273856   -0.289714   -0.306545   -0.324168   -0.342376   -0.360951   -0.379673   -0.398362   -0.416925   -0.435346   -0.453649   -0.471870   -0.490042   -0.508189   
0.014630   0.016254   0.017609   0.018649   0.019359   0.019718   0.019561   0.018773   0.017174   0.014553   0.010895   0.006303   0.000858   -0.005385   -0.012387   -0.020122   -0.028567   -0.037699   -0.047488   -0.057884   -0.068821   -0.080219   -0.091995   -0.104062   -0.116328   -0.128698   -0.141069   -0.153339   -0.165424   -0.177300   -0.189028   -0.200729   -0.212547   -0.224638   -0.237168   -0.250312   -0.264255   -0.279191   -0.295258   -0.312467   -0.330684   -0.349705   -0.369303   -0.389243   -0.409294   -0.429287   -0.449147   -0.468875   -0.488502   -0.508065   -0.527596   -0.547112   
0.011736   0.013410   0.014852   0.015961   0.016711   0.017080   0.016905   0.016066   0.014403   0.011671   0.007826   0.002974   -0.002794   -0.009419   -0.016860   -0.025085   -0.034072   -0.043792   -0.054207   -0.065258   -0.076868   -0.088953   -0.101422   -0.114181   -0.127131   -0.140167   -0.153182   -0.166066   -0.178743   -0.191211   -0.203556   -0.215917   -0.228453   -0.241334   -0.254738   -0.268856   -0.283892   -0.300048   -0.317447   -0.336056   -0.355706   -0.376169   -0.397199   -0.418545   -0.439968   -0.461312   -0.482524   -0.503617   -0.524627   -0.545592   -0.566538   -0.587478   

