# ----- Rotor performance tables for the Generated with AeroElasticSE FAST driver wind turbine ----- 
# ------------ Written on Feb-21-20 using the ROSCO toolbox ------------ 

# Pitch angle vector - x axis (matrix columns) (deg)
-5.0   -3.158   -1.316   0.5263   2.368   4.211   6.053   7.895   9.737   11.58   13.42   15.26   17.11   18.95   20.79   22.63   24.47   26.32   28.16   30.0   
# TSR vector - y axis (matrix rows) (-)
2.0    2.526    3.053    3.579    4.105    4.632    5.158    5.684    6.211    6.737    7.263    7.789    8.316    8.842    9.368    9.895    10.42    10.95    11.47    12.0    
# Wind speed vector - z axis (m/s)
8.266    

# Power coefficient

0.019918   0.023923   0.027889   0.031814   0.035716   0.039627   0.043545   0.047423   0.051323   0.055390   0.059590   0.063516   0.066539   0.068063   0.067773   0.065713   0.062160   0.057397   0.051674   0.045214   
0.041131   0.047690   0.054251   0.060799   0.067152   0.073402   0.079874   0.086512   0.092505   0.096751   0.098424   0.097195   0.093342   0.087400   0.079832   0.071018   0.061262   0.050810   0.039846   0.028432   
0.072469   0.082591   0.092182   0.101525   0.111188   0.120758   0.128637   0.133297   0.133928   0.130465   0.123592   0.114156   0.102780   0.089934   0.075986   0.061221   0.045836   0.029852   0.013206   -0.004182   
0.114648   0.127894   0.141280   0.154665   0.165889   0.172795   0.174352   0.170420   0.161778   0.149657   0.134974   0.118327   0.100183   0.080894   0.060737   0.039791   0.017961   -0.004883   -0.028815   -0.053158   
0.165755   0.183834   0.200319   0.212220   0.217696   0.216307   0.208389   0.195278   0.178461   0.158840   0.137009   0.113437   0.088493   0.062453   0.035303   0.006877   -0.023015   -0.054383   -0.085928   -0.115070   
0.225958   0.245285   0.258097   0.262990   0.259866   0.249222   0.232650   0.211852   0.187746   0.160931   0.131904   0.101081   0.068767   0.034924   -0.000672   -0.038270   -0.077914   -0.117957   -0.154987   -0.186198   
0.286751   0.301471   0.307399   0.304455   0.292925   0.274340   0.250623   0.222823   0.191526   0.157290   0.120597   0.081840   0.041029   -0.002088   -0.047821   -0.096383   -0.146273   -0.193386   -0.233555   -0.264723   
0.338807   0.347942   0.347739   0.337895   0.319440   0.294450   0.264262   0.229474   0.190707   0.148533   0.103472   0.055690   0.004961   -0.049078   -0.106811   -0.167458   -0.226793   -0.278935   -0.320338   -0.349445   
0.379119   0.385069   0.380444   0.365322   0.341608   0.311069   0.274469   0.232461   0.185739   0.134960   0.080546   0.022410   -0.039816   -0.106608   -0.178079   -0.250930   -0.318182   -0.373617   -0.414594   -0.440918   
0.407977   0.413827   0.406873   0.388422   0.360661   0.324860   0.281746   0.232149   0.176875   0.116649   0.051683   -0.018282   -0.093756   -0.175299   -0.261585   -0.346060   -0.419562   -0.477008   -0.516925   -0.540820   
0.425177   0.434758   0.428123   0.408157   0.377121   0.336214   0.286413   0.228763   0.164247   0.093545   0.016688   -0.066740   -0.157382   -0.255554   -0.357082   -0.451949   -0.530684   -0.589916   -0.628472   -0.650531   
0.430319   0.447889   0.444755   0.424929   0.391278   0.345395   0.288678   0.222444   0.147873   0.065528   -0.024696   -0.123373   -0.231250   -0.347465   -0.464009   -0.568335   -0.652567   -0.713241   -0.749978   -0.771824   
0.426840   0.452518   0.456847   0.438900   0.403322   0.352591   0.288678   0.213274   0.127698   0.032428   -0.072779   -0.188627   -0.315791   -0.450789   -0.581993   -0.696276   -0.786229   -0.847282   -0.882476   -0.906874   
0.417839   0.448982   0.464172   0.450117   0.413381   0.357934   0.286508   0.201264   0.103627   -0.005972   -0.127896   -0.262938   -0.411090   -0.565133   -0.711805   -0.836880   -0.931770   -0.992430   -1.027873   -1.057158   
0.404617   0.440588   0.466209   0.458544   0.421535   0.361509   0.282220   0.186373   0.075525   -0.049912   -0.190402   -0.346631   -0.516846   -0.691094   -0.854540   -0.990324   -1.089287   -1.150140   -1.187473   -1.224069   
0.387614   0.428656   0.462197   0.464080   0.427828   0.363369   0.275829   0.168534   0.043233   -0.099652   -0.260613   -0.439726   -0.633101   -0.829924   -1.010700   -1.157009   -1.259757   -1.321375   -1.362449   -1.408969   
0.366995   0.413718   0.453274   0.466540   0.432265   0.363536   0.267313   0.147653   0.006576   -0.155458   -0.338719   -0.541854   -0.761130   -0.982576   -1.180924   -1.337516   -1.443786   -1.507196   -1.553897   -1.613208   
0.342706   0.395894   0.440864   0.465632   0.434816   0.362012   0.256629   0.123623   -0.034635   -0.217557   -0.424622   -0.653491   -0.902035   -1.149191   -1.365310   -1.532068   -1.642392   -1.708537   -1.762912   -1.838077   
0.315176   0.375629   0.425831   0.460900   0.435415   0.358774   0.243716   0.096326   -0.080589   -0.286080   -0.517838   -0.776232   -1.056149   -1.329719   -1.564267   -1.741604   -1.856285   -1.926376   -1.990489   -2.084920   
0.284843   0.353566   0.409255   0.451735   0.433957   0.353779   0.228504   0.065635   -0.131455   -0.360964   -0.618860   -0.911105   -1.224282   -1.524994   -1.778384   -1.966752   -2.086248   -2.161603   -2.237720   -2.354993   


#  Thrust coefficient

0.074710   0.074589   0.074451   0.074311   0.074211   0.074225   0.074467   0.075092   0.076216   0.077803   0.079630   0.081302   0.082288   0.082038   0.080182   0.076726   0.071894   0.065969   0.059193   0.051777   
0.100296   0.100774   0.101443   0.102479   0.104127   0.106565   0.109695   0.113061   0.115937   0.117468   0.116811   0.113511   0.107763   0.100069   0.090888   0.080599   0.069521   0.057896   0.045904   0.033634   
0.134944   0.137198   0.140443   0.144864   0.150102   0.155246   0.159054   0.160258   0.157871   0.151614   0.142116   0.130221   0.116571   0.101669   0.085895   0.069540   0.052807   0.035762   0.018408   0.000742   
0.181559   0.187818   0.195331   0.202848   0.208580   0.210719   0.208043   0.200109   0.187621   0.171849   0.153775   0.134056   0.113198   0.091571   0.069457   0.046981   0.024146   0.000934   -0.022609   -0.045773   
0.243396   0.253883   0.263042   0.268254   0.267613   0.260420   0.246809   0.228185   0.206176   0.181799   0.155737   0.128506   0.100497   0.071993   0.043081   0.013742   -0.016048   -0.046144   -0.075283   -0.101201   
0.319402   0.329909   0.334198   0.330688   0.319290   0.300437   0.275937   0.247733   0.216920   0.184207   0.150158   0.115210   0.079685   0.043682   0.007176   -0.029855   -0.067250   -0.103440   -0.135503   -0.161401   
0.403127   0.406682   0.400784   0.385988   0.362699   0.332781   0.298543   0.261264   0.221680   0.180444   0.138061   0.094941   0.051240   0.006959   -0.037926   -0.083347   -0.127825   -0.167883   -0.200414   -0.224497   
0.485609   0.478066   0.460947   0.434429   0.399927   0.360063   0.316498   0.270026   0.221392   0.171214   0.120015   0.068074   0.015460   -0.037848   -0.091870   -0.145665   -0.195643   -0.237251   -0.268514   -0.289169   
0.561698   0.543503   0.515385   0.477737   0.433114   0.383763   0.330693   0.274703   0.216580   0.156972   0.096346   0.034894   -0.027356   -0.090448   -0.154108   -0.215410   -0.268828   -0.310215   -0.338922   -0.355154   
0.631285   0.603783   0.565331   0.517630   0.463506   0.404551   0.341638   0.275720   0.207616   0.138021   0.067319   -0.004338   -0.076968   -0.150604   -0.223774   -0.291170   -0.346059   -0.386076   -0.411871   -0.422756   
0.694758   0.659611   0.612015   0.555159   0.491655   0.422813   0.349696   0.273382   0.194789   0.114599   0.033161   -0.049424   -0.133203   -0.217916   -0.299909   -0.371510   -0.426701   -0.465352   -0.487629   -0.491823   
0.752424   0.711406   0.656229   0.590803   0.517857   0.438845   0.355131   0.267945   0.178318   0.086905   -0.005958   -0.100222   -0.195915   -0.291767   -0.381332   -0.455712   -0.511372   -0.548500   -0.565898   -0.562591   
0.806917   0.759075   0.698233   0.624784   0.542335   0.452877   0.358162   0.259619   0.158374   0.055091   -0.049921   -0.156623   -0.264856   -0.371275   -0.467141   -0.544359   -0.600607   -0.635158   -0.646584   -0.635908   
0.860263   0.803028   0.738020   0.657229   0.565264   0.465102   0.358971   0.248564   0.135093   0.019260   -0.098635   -0.218507   -0.339496   -0.455478   -0.557601   -0.638016   -0.694049   -0.724967   -0.730338   -0.712066   
0.913380   0.845553   0.775351   0.688206   0.586791   0.475677   0.357708   0.234900   0.108574   -0.020506   -0.152024   -0.285651   -0.418979   -0.544439   -0.653255   -0.736336   -0.791371   -0.818477   -0.817258   -0.791346   
0.966726   0.887692   0.809807   0.717735   0.607034   0.484728   0.354489   0.218720   0.078891   -0.064146   -0.209977   -0.357559   -0.502830   -0.638849   -0.754050   -0.839214   -0.892929   -0.915733   -0.907496   -0.873978   
1.020675   0.929980   0.842275   0.745793   0.626089   0.492357   0.349404   0.200092   0.046100   -0.111602   -0.272267   -0.433389   -0.591787   -0.739076   -0.860043   -0.946684   -0.998652   -1.016903   -1.001179   -0.960163   
1.075470   0.972677   0.873911   0.772291   0.644019   0.498642   0.342521   0.179072   0.010249   -0.162781   -0.338410   -0.513166   -0.686394   -0.844675   -0.970784   -1.058482   -1.108828   -1.122019   -1.098456   -1.050001   
1.131280   1.015970   0.905338   0.797040   0.660860   0.503643   0.333891   0.155704   -0.028619   -0.217506   -0.407551   -0.598001   -0.786459   -0.955106   -1.086178   -1.174954   -1.223461   -1.231150   -1.199383   -1.143633   
1.188201   1.060021   0.937001   0.819750   0.676624   0.507407   0.323556   0.130026   -0.070440   -0.275429   -0.479816   -0.688395   -0.892202   -1.070619   -1.206250   -1.296172   -1.342602   -1.344298   -1.304067   -1.241152   


# Torque coefficient

0.009983   0.011991   0.013978   0.015946   0.017902   0.019862   0.021825   0.023770   0.025724   0.027762   0.029868   0.031836   0.033351   0.034115   0.033969   0.032937   0.031156   0.028769   0.025900   0.022662   
0.016321   0.018924   0.021527   0.024125   0.026646   0.029126   0.031694   0.034328   0.036706   0.038391   0.039055   0.038567   0.037038   0.034680   0.031677   0.028180   0.024309   0.020161   0.015811   0.011282   
0.023798   0.027122   0.030271   0.033339   0.036512   0.039655   0.042243   0.043773   0.043980   0.042843   0.040586   0.037487   0.033751   0.029533   0.024953   0.020104   0.015052   0.009803   0.004337   -0.001373   
0.032112   0.035822   0.039572   0.043321   0.046465   0.048399   0.048835   0.047734   0.045313   0.041918   0.037806   0.033143   0.028061   0.022658   0.017012   0.011145   0.005031   -0.001368   -0.008071   -0.014889   
0.040475   0.044889   0.048915   0.051821   0.053158   0.052819   0.050885   0.047684   0.043577   0.038786   0.033455   0.027699   0.021609   0.015250   0.008621   0.001679   -0.005620   -0.013279   -0.020982   -0.028098   
0.048905   0.053089   0.055862   0.056921   0.056245   0.053941   0.050354   0.045852   0.040635   0.034831   0.028549   0.021878   0.014884   0.007559   -0.000145   -0.008283   -0.016863   -0.025530   -0.033545   -0.040300   
0.055730   0.058591   0.059743   0.059171   0.056930   0.053318   0.048709   0.043306   0.037223   0.030569   0.023438   0.015906   0.007974   -0.000406   -0.009294   -0.018732   -0.028428   -0.037585   -0.045392   -0.051449   
0.059751   0.061361   0.061326   0.059590   0.056335   0.051928   0.046604   0.040469   0.033632   0.026195   0.018248   0.009821   0.000875   -0.008655   -0.018837   -0.029532   -0.039996   -0.049192   -0.056493   -0.061626   
0.061194   0.062154   0.061407   0.058967   0.055139   0.050210   0.044302   0.037521   0.029980   0.021784   0.013001   0.003617   -0.006427   -0.017208   -0.028744   -0.040503   -0.051358   -0.060306   -0.066920   -0.071169   
0.060707   0.061577   0.060543   0.057797   0.053666   0.048339   0.041924   0.034544   0.026319   0.017357   0.007690   -0.002720   -0.013951   -0.026084   -0.038924   -0.051494   -0.062431   -0.070979   -0.076918   -0.080474   
0.058682   0.060004   0.059088   0.056333   0.052049   0.046403   0.039530   0.031573   0.022669   0.012911   0.002303   -0.009211   -0.021721   -0.035271   -0.049284   -0.062377   -0.073244   -0.081419   -0.086740   -0.089785   
0.055379   0.057640   0.057236   0.054685   0.050354   0.044449   0.037150   0.028627   0.019030   0.008433   -0.003178   -0.015877   -0.029760   -0.044716   -0.059714   -0.073140   -0.083980   -0.091788   -0.096516   -0.099328   
0.051454   0.054550   0.055071   0.052908   0.048619   0.042504   0.034799   0.025710   0.015394   0.003909   -0.008773   -0.022738   -0.038068   -0.054341   -0.070157   -0.083934   -0.094777   -0.102137   -0.106380   -0.109321   
0.047371   0.050902   0.052624   0.051030   0.046866   0.040579   0.032482   0.022818   0.011748   -0.000677   -0.014500   -0.029810   -0.046606   -0.064070   -0.080698   -0.094878   -0.105636   -0.112513   -0.116531   -0.119851   
0.043295   0.047144   0.049885   0.049065   0.045105   0.038682   0.030198   0.019942   0.008081   -0.005341   -0.020373   -0.037090   -0.055304   -0.073949   -0.091438   -0.105967   -0.116556   -0.123068   -0.127062   -0.130978   
0.039269   0.043427   0.046825   0.047016   0.043344   0.036813   0.027944   0.017074   0.004380   -0.010096   -0.026403   -0.044549   -0.064140   -0.084080   -0.102395   -0.117217   -0.127627   -0.133869   -0.138031   -0.142743   
0.035303   0.039797   0.043602   0.044878   0.041581   0.034970   0.025714   0.014203   0.000633   -0.014954   -0.032583   -0.052123   -0.073216   -0.094518   -0.113598   -0.128661   -0.138883   -0.144983   -0.149475   -0.155181   
0.031381   0.036252   0.040370   0.042638   0.039816   0.033149   0.023499   0.011320   -0.003172   -0.019921   -0.038882   -0.059840   -0.082599   -0.105231   -0.125020   -0.140290   -0.150393   -0.156449   -0.161428   -0.168311   
0.027537   0.032818   0.037204   0.040268   0.038042   0.031346   0.021293   0.008416   -0.007041   -0.024994   -0.045243   -0.067818   -0.092274   -0.116176   -0.136668   -0.152162   -0.162181   -0.168305   -0.173907   -0.182157   
0.023795   0.029536   0.034188   0.037736   0.036251   0.029554   0.019089   0.005483   -0.010981   -0.030154   -0.051698   -0.076111   -0.102273   -0.127393   -0.148561   -0.164296   -0.174279   -0.180573   -0.186932   -0.196729   

